1.00000000e+00 0.00000000e+00 0.00000000e+00 0.00000000e+00 0.00000000e+00 1.00000000e+00 0.00000000e+00 0.00000000e+00 0.00000000e+00 0.00000000e+00 1.00000000e+00 0.00000000e+00
9.99984033e-01 -2.44476140e-03 5.09265546e-03 5.77373153e-04 2.43790049e-03 9.99996092e-01 1.35299763e-03 -5.70916068e-04 -5.09594353e-03 -1.34056035e-03 9.99986157e-01 4.36685548e-02
9.99961898e-01 -4.83737417e-03 7.25945425e-03 1.46743733e-03 4.82565544e-03 9.99986980e-01 1.63097064e-03 -1.21741550e-03 -7.26724939e-03 -1.59587660e-03 9.99972371e-01 8.72476560e-02
9.99963406e-01 -5.72090157e-03 6.34508493e-03 1.34027146e-03 5.71567602e-03 9.99983222e-01 8.41436772e-04 -1.66721302e-03 -6.34979254e-03 -8.05139223e-04 9.99979511e-01 1.26128619e-01
9.99977004e-01 -6.75960039e-03 -2.83823399e-04 1.43103051e-04 6.75956547e-03 9.99977043e-01 -1.25941297e-04 -2.02242465e-03 2.84670173e-04 1.24020394e-04 9.99999952e-01 1.62602203e-01
9.99895646e-01 -5.81997881e-03 -1.32090030e-02 -2.62948505e-03 5.81451774e-03 9.99982922e-01 -4.51794785e-04 -3.36823874e-03 1.32114122e-02 3.74944391e-04 9.99912616e-01 1.99572438e-01
9.99569555e-01 -4.70889179e-03 -2.89527156e-02 -5.60666225e-03 4.69255668e-03 9.99988727e-01 -6.32109127e-04 -4.38372505e-03 2.89553715e-02 4.95975492e-04 9.99580608e-01 2.38236955e-01
9.98899609e-01 -2.07422986e-03 -4.68505697e-02 -1.08136510e-02 2.09568037e-03 9.99997603e-01 4.08738622e-04 -5.69915640e-03 4.68496183e-02 -5.06472151e-04 9.98901878e-01 2.81144943e-01
9.97759469e-01 6.74793494e-04 -6.68975549e-02 -1.71087957e-02 -6.14643029e-04 9.99999253e-01 9.19723020e-04 -7.15859625e-03 6.68981419e-02 -8.76543859e-04 9.97759470e-01 3.27358866e-01
9.96150399e-01 1.32154244e-03 -8.76482033e-02 -2.39331449e-02 -1.29378496e-03 9.99998926e-01 3.73501806e-04 -7.05638488e-03 8.76486261e-02 -2.58665480e-04 9.96151426e-01 3.75198848e-01
9.94320003e-01 3.85271206e-04 -1.06429022e-01 -3.20080634e-02 -3.94801019e-04 9.99999771e-01 -6.84726699e-05 -6.61646229e-03 1.06429002e-01 1.10102661e-04 9.94320282e-01 4.21362547e-01
9.92400413e-01 -1.71946116e-03 -1.23036894e-01 -4.17712459e-02 1.73860644e-03 9.99998389e-01 4.82391946e-05 -6.15695790e-03 1.23036646e-01 -2.61784724e-04 9.92402100e-01 4.66519710e-01
9.90406644e-01 -2.29807298e-03 -1.38162815e-01 -5.29662659e-02 2.31958932e-03 9.99997246e-01 -5.28339278e-06 -6.04141155e-03 1.38162474e-01 -3.15247740e-04 9.90409548e-01 5.16079218e-01
9.88307332e-01 -2.26990219e-03 -1.52456409e-01 -6.55482783e-02 2.36896634e-03 9.99997043e-01 4.68144308e-04 -6.24312149e-03 1.52454926e-01 -8.23834200e-04 9.88310054e-01 5.70325931e-01
9.86315628e-01 -1.51412227e-03 -1.64859341e-01 -7.83114231e-02 1.76409536e-03 9.99997453e-01 1.36987647e-03 -6.93482087e-03 1.64856879e-01 -1.64195808e-03 9.86316086e-01 6.24866853e-01
9.84685900e-01 -1.75845211e-03 -1.74326989e-01 -9.19727109e-02 2.04815512e-03 9.99996735e-01 1.48195012e-03 -7.68019948e-03 1.74323848e-01 -1.81630421e-03 9.84686616e-01 6.84465119e-01
9.83197400e-01 -4.22513264e-03 -1.82494606e-01 -1.04992540e-01 4.23380994e-03 9.99990855e-01 -3.42052591e-04 -8.73230186e-03 1.82494423e-01 -4.36341955e-04 9.83206721e-01 7.44283024e-01
9.81484068e-01 -4.46267812e-03 -1.91489861e-01 -1.18144574e-01 4.19894563e-03 9.99989512e-01 -1.78303142e-03 -9.23566223e-03 1.91495841e-01 9.45962432e-04 9.81492921e-01 8.04863287e-01
9.79880407e-01 -4.12997402e-03 -1.99540843e-01 -1.34597704e-01 3.91838576e-03 9.99991190e-01 -1.45527794e-03 -9.83475214e-03 1.99545130e-01 6.44121346e-04 9.79888343e-01 8.73792166e-01
9.78364546e-01 -4.02310048e-03 -2.06847583e-01 -1.55255434e-01 3.46018855e-03 9.99989261e-01 -3.08309288e-03 -1.07267064e-02 2.06857793e-01 2.30065881e-03 9.78368253e-01 9.58392228e-01
9.76932081e-01 -4.14495418e-03 -2.13508326e-01 -1.74116803e-01 3.09859737e-03 9.99981492e-01 -5.23519244e-03 -1.19046439e-02 2.13526101e-01 4.45285319e-03 9.76927155e-01 1.03430219e+00
9.75334647e-01 -4.96447710e-03 -2.20673868e-01 -1.95510416e-01 3.51187031e-03 9.99969540e-01 -6.97443301e-03 -1.35977738e-02 2.20701799e-01 6.02743153e-03 9.75322620e-01 1.12043474e+00
9.73416669e-01 -5.64317907e-03 -2.28970483e-01 -2.17124113e-01 3.65288926e-03 9.99951768e-01 -9.11524609e-03 -1.48852429e-02 2.29010924e-01 8.03653196e-03 9.73390600e-01 1.20265329e+00
9.71551036e-01 -5.20730984e-03 -2.36771333e-01 -2.45829233e-01 2.68379918e-03 9.99936116e-01 -1.09790628e-02 -1.75168265e-02 2.36813411e-01 1.00312780e-02 9.71503270e-01 1.30454456e+00
9.69196608e-01 -3.27633422e-03 -2.46264621e-01 -2.73328767e-01 1.73393786e-05 9.99912405e-01 -1.32347058e-02 -2.05747064e-02 2.46286428e-01 1.28227684e-02 9.69112161e-01 1.40496890e+00
9.66841611e-01 -2.79861491e-03 -2.55359613e-01 -2.96357280e-01 -1.12274316e-03 9.99883725e-01 -1.52091467e-02 -2.30855787e-02 2.55372500e-01 1.49915472e-02 9.66726397e-01 1.48510056e+00
9.64103586e-01 -2.71878457e-03 -2.65510593e-01 -3.22357007e-01 -1.98884486e-03 9.99845601e-01 -1.74599985e-02 -2.54996133e-02 2.65517087e-01 1.73613167e-02 9.63949671e-01 1.57283155e+00
9.62317008e-01 -2.46743905e-03 -2.71917120e-01 -3.48936441e-01 -2.57126737e-03 9.99831590e-01 -1.81724295e-02 -2.87565118e-02 2.71916197e-01 1.81868203e-02 9.62148893e-01 1.65948550e+00
9.60342597e-01 -1.30326525e-03 -2.78817764e-01 -3.75673925e-01 -3.89277559e-03 9.99828922e-01 -1.80814791e-02 -3.29437136e-02 2.78793668e-01 1.84498007e-02 9.60173592e-01 1.74407737e+00
9.58776709e-01 -1.09192900e-03 -2.84156667e-01 -4.02724708e-01 -4.40505429e-03 9.99815312e-01 -1.87051315e-02 -3.75778992e-02 2.84124660e-01 1.91857808e-02 9.58595184e-01 1.82763603e+00
9.57662230e-01 -1.63486878e-03 -2.87887874e-01 -4.30694415e-01 -4.85821181e-03 9.99749710e-01 -2.18383020e-02 -4.21996927e-02 2.87851572e-01 2.23123493e-02 9.57414903e-01 1.91211286e+00
9.56700337e-01 -2.90806878e-03 -2.91058361e-01 -4.58165534e-01 -4.59541295e-03 9.99674498e-01 -2.50930858e-02 -4.68145784e-02 2.91036660e-01 2.53441101e-02 9.56375934e-01 1.99478130e+00
9.55593458e-01 -3.70744815e-03 -2.94663047e-01 -4.88128796e-01 -5.03414029e-03 9.99569502e-01 -2.89023016e-02 -5.16002490e-02 2.94643422e-01 2.91022417e-02 9.55163776e-01 2.08202915e+00
9.54430345e-01 -4.17408502e-03 -2.98402620e-01 -5.17278678e-01 -5.98062417e-03 9.99433726e-01 -3.31089819e-02 -5.62497955e-02 2.98371940e-01 3.33848706e-02 9.53865323e-01 2.16697642e+00
9.53281708e-01 -4.32099571e-03 -3.02049825e-01 -5.47239147e-01 -7.07198480e-03 9.99304210e-01 -3.66150811e-02 -6.11987442e-02 3.01998014e-01 3.70406004e-02 9.52588306e-01 2.25273472e+00
9.51751329e-01 -4.08597871e-03 -3.06841282e-01 -5.76764727e-01 -8.54984639e-03 9.99169941e-01 -3.98248546e-02 -6.63763271e-02 3.06749444e-01 4.05268281e-02 9.50926739e-01 2.33630631e+00
9.49911996e-01 -3.87025529e-03 -3.12491689e-01 -6.08484330e-01 -9.97466910e-03 9.99038301e-01 -4.26942121e-02 -7.15147679e-02 3.12356507e-01 4.36727726e-02 9.48960203e-01 2.42610470e+00
9.48017612e-01 -4.23181714e-03 -3.18187967e-01 -6.38622520e-01 -1.09095000e-02 9.98891553e-01 -4.57890330e-02 -7.61709710e-02 3.18029118e-01 4.68801113e-02 9.46920888e-01 2.50908924e+00
9.45873043e-01 -3.92372595e-03 -3.24511496e-01 -6.70814968e-01 -1.24947382e-02 9.98745225e-01 -4.84951495e-02 -8.11890928e-02 3.24294678e-01 4.99249682e-02 9.44637453e-01 2.59742889e+00
9.43464593e-01 -4.54804465e-03 -3.31440508e-01 -7.03292618e-01 -1.29036363e-02 9.98643946e-01 -5.04343782e-02 -8.59059112e-02 3.31220541e-01 5.18598642e-02 9.42126824e-01 2.68485451e+00
9.40932534e-01 -5.38734007e-03 -3.38549640e-01 -7.38606456e-01 -1.26595486e-02 9.98614446e-01 -5.10756735e-02 -9.09218905e-02 3.38355852e-01 5.23446754e-02 9.39560928e-01 2.77653086e+00
9.38187799e-01 -5.13599377e-03 -3.46086850e-01 -7.74100137e-01 -1.32230793e-02 9.98627986e-01 -5.06655262e-02 -9.66885926e-02 3.45872386e-01 5.21101417e-02 9.36833016e-01 2.86657204e+00
9.35198239e-01 -5.40960393e-03 -3.54081639e-01 -8.09159447e-01 -1.34076759e-02 9.98625379e-01 -5.06690935e-02 -1.02068287e-01 3.53869157e-01 5.21330909e-02 9.33840466e-01 2.95380371e+00
9.31816671e-01 -5.63316729e-03 -3.62883999e-01 -8.44029496e-01 -1.38450648e-02 9.98599851e-01 -5.10530514e-02 -1.07717368e-01 3.62663648e-01 5.25962676e-02 9.30434302e-01 3.03794298e+00
9.28490331e-01 -5.09029799e-03 -3.71320161e-01 -8.78929623e-01 -1.42199029e-02 9.98685193e-01 -4.92476362e-02 -1.13011534e-01 3.71082817e-01 5.10061183e-02 9.27197488e-01 3.11986267e+00
9.24745188e-01 -4.12004758e-03 -3.80563080e-01 -9.17992404e-01 -1.44459631e-02 9.98840699e-01 -4.59164292e-02 -1.18613123e-01 3.80311250e-01 4.79586248e-02 9.23613872e-01 3.21285661e+00
9.20881943e-01 -1.85796166e-03 -3.89835734e-01 -9.59511704e-01 -1.57211127e-02 9.98998020e-01 -4.18981073e-02 -1.24886771e-01 3.89523187e-01 4.47118873e-02 9.19930293e-01 3.30723282e+00
9.17288864e-01 -3.85418476e-04 -3.98220858e-01 -1.00291773e+00 -1.70501312e-02 9.99044348e-01 -4.02413220e-02 -1.30550733e-01 3.97856049e-01 4.37026643e-02 9.16405862e-01 3.40468075e+00
9.13312495e-01 -8.35212534e-04 -4.07257243e-01 -1.04310532e+00 -1.67506552e-02 9.99074463e-01 -3.96138113e-02 -1.35613463e-01 4.06913638e-01 4.30016416e-02 9.12453437e-01 3.49220854e+00
9.09560999e-01 -1.92802302e-03 -4.15564529e-01 -1.08767993e+00 -1.59023971e-02 9.99095158e-01 -3.94414510e-02 -1.40542089e-01 4.15264790e-01 4.24829077e-02 9.08707554e-01 3.58846639e+00
9.05834081e-01 -3.06791612e-03 -4.23620140e-01 -1.13211822e+00 -1.49985202e-02 9.99114406e-01 -3.93072908e-02 -1.45384316e-01 4.23365816e-01 4.19595869e-02 9.04986117e-01 3.68134243e+00
9.02013535e-01 -4.04179339e-03 -4.31687312e-01 -1.17504703e+00 -1.43851779e-02 9.99119188e-01 -3.94124402e-02 -1.50096837e-01 4.31466634e-01 4.17604815e-02 9.01161270e-01 3.76910962e+00
8.98144307e-01 -4.90046511e-03 -4.39671953e-01 -1.22165146e+00 -1.35677122e-02 9.99152553e-01 -3.88518498e-02 -1.55350473e-01 4.39490006e-01 4.08599383e-02 8.97317116e-01 3.86167484e+00
8.94612129e-01 -3.79393756e-03 -4.46826029e-01 -1.27038557e+00 -1.39685680e-02 9.99237483e-01 -3.64515192e-02 -1.60810362e-01 4.46623882e-01 3.88515146e-02 8.93877379e-01 3.95672047e+00
8.91089838e-01 -3.06966376e-03 -4.53815123e-01 -1.32135526e+00 -1.36367118e-02 9.99344090e-01 -3.35360766e-02 -1.66693855e-01 4.53620701e-01 3.60722254e-02 8.90463986e-01 4.05575037e+00
8.87955597e-01 -2.69328515e-03 -4.59919939e-01 -1.37537094e+00 -1.35431600e-02 9.99395703e-01 -3.19998645e-02 -1.72304532e-01 4.59728501e-01 3.46432470e-02 8.87383051e-01 4.15740490e+00
8.84526914e-01 -2.95735703e-03 -4.66478460e-01 -1.43191196e+00 -1.35636179e-02 9.99393626e-01 -3.20549464e-02 -1.77456556e-01 4.66290732e-01 3.46806160e-02 8.83950978e-01 4.26270173e+00
8.80876158e-01 -2.51136971e-03 -4.73338794e-01 -1.49415525e+00 -1.42925305e-02 9.99388378e-01 -3.19005673e-02 -1.82960294e-01 4.73129760e-01 3.48656765e-02 8.80302047e-01 4.37828473e+00
8.77747322e-01 -2.50650492e-03 -4.79115832e-01 -1.55581554e+00 -1.46229447e-02 9.99379828e-01 -3.20177180e-02 -1.88340502e-01 4.78899293e-01 3.51095704e-02 8.77166934e-01 4.48906816e+00
8.75690664e-01 -2.69047583e-03 -4.82863585e-01 -1.61921856e+00 -1.50920081e-02 9.99342978e-01 -3.29381526e-02 -1.93188258e-01 4.82635258e-01 3.61310351e-02 8.75075337e-01 4.59912950e+00
8.73910074e-01 -2.86630827e-03 -4.86077810e-01 -1.68521538e+00 -1.55640049e-02 9.99304471e-01 -3.38749271e-02 -1.99396450e-01 4.85837119e-01 3.71689797e-02 8.73258201e-01 4.71170732e+00
8.72796450e-01 -2.28806596e-03 -4.88077499e-01 -1.74808312e+00 -1.74215745e-02 9.99205304e-01 -3.58380184e-02 -2.05080710e-01 4.87771938e-01 3.97824028e-02 8.72063568e-01 4.81960297e+00
8.72327118e-01 -2.33265374e-03 -4.88915694e-01 -1.81234140e+00 -1.80138059e-02 9.99155928e-01 -3.69074092e-02 -2.10564460e-01 4.88589378e-01 4.10025947e-02 8.71549358e-01 4.92907697e+00
8.72202375e-01 -2.55382563e-03 -4.89137114e-01 -1.87475917e+00 -1.73270319e-02 9.99197089e-01 -3.61134933e-02 -2.16376772e-01 4.88836862e-01 3.99735953e-02 8.71458414e-01 5.03776634e+00
8.72005996e-01 -3.20465731e-03 -4.89483255e-01 -1.93098907e+00 -1.62912726e-02 9.99234193e-01 -3.55646199e-02 -2.21757120e-01 4.89222651e-01 3.89868946e-02 8.71286566e-01 5.13678768e+00
8.71624238e-01 -3.81227158e-03 -4.90158345e-01 -1.98673695e+00 -1.62543782e-02 9.99194576e-01 -3.66757125e-02 -2.27108206e-01 4.89903681e-01 3.99346867e-02 8.70860851e-01 5.23342065e+00
8.71094184e-01 -5.22077853e-03 -4.91086802e-01 -2.04265193e+00 -1.59965928e-02 9.99110871e-01 -3.89965100e-02 -2.32573666e-01 4.90854044e-01 4.18253767e-02 8.70236753e-01 5.33082973e+00
8.70103378e-01 -5.34902896e-03 -4.92838838e-01 -2.10331883e+00 -1.65818744e-02 9.99056880e-01 -4.01184410e-02 -2.38728210e-01 4.92588926e-01 4.30794086e-02 8.69194700e-01 5.43702123e+00
8.68909269e-01 -4.92725548e-03 -4.94945568e-01 -2.16577057e+00 -1.67178494e-02 9.99087414e-01 -3.92953336e-02 -2.44793839e-01 4.94687743e-01 4.24185294e-02 8.68034531e-01 5.54458566e+00
8.66598311e-01 -3.82952167e-03 -4.98990456e-01 -2.23159066e+00 -1.65396494e-02 9.99200276e-01 -3.63928633e-02 -2.51310972e-01 4.98730999e-01 3.97911394e-02 8.65842605e-01 5.65615394e+00
8.62831666e-01 -2.45274313e-03 -5.05484154e-01 -2.30025891e+00 -1.64599079e-02 9.99321156e-01 -3.29450633e-02 -2.58761695e-01 5.05222087e-01 3.67462825e-02 8.62206270e-01 5.77218656e+00
8.57998462e-01 -3.46664505e-03 -5.13639317e-01 -2.36900657e+00 -1.63677804e-02 9.99284443e-01 -3.40855790e-02 -2.64582729e-01 5.13390219e-01 3.76525281e-02 8.57328436e-01 5.88499850e+00
8.52656528e-01 -5.63351156e-03 -5.22440332e-01 -2.43423190e+00 -1.64256017e-02 9.99158139e-01 -3.75816379e-02 -2.70581721e-01 5.22212515e-01 4.06256445e-02 8.51846796e-01 5.98978839e+00
8.46871292e-01 -7.63312106e-03 -5.31741973e-01 -2.50032936e+00 -1.67168583e-02 9.99020293e-01 -4.09647366e-02 -2.76151975e-01 5.31534003e-01 4.35809344e-02 8.45914672e-01 6.09235043e+00
8.41750954e-01 -6.51044801e-03 -5.39825583e-01 -2.56342767e+00 -1.75652358e-02 9.99067117e-01 -3.94385307e-02 -2.80973040e-01 5.39579071e-01 4.26796051e-02 8.40852033e-01 6.18729542e+00
8.38100575e-01 -4.08353435e-03 -5.45499223e-01 -2.62863972e+00 -1.82104010e-02 9.99204724e-01 -3.54582261e-02 -2.87002653e-01 5.45210514e-01 3.96513384e-02 8.37360434e-01 6.28339918e+00
8.34842421e-01 -2.99530960e-03 -5.50479620e-01 -2.69808795e+00 -1.86350084e-02 9.99257796e-01 -3.36985765e-02 -2.93372675e-01 5.50172352e-01 3.83912131e-02 8.34167649e-01 6.38509410e+00
8.32120267e-01 -3.31676875e-03 -5.54584085e-01 -2.76790677e+00 -1.87602271e-02 9.99241013e-01 -3.41246940e-02 -2.99326346e-01 5.54276726e-01 3.87999947e-02 8.31427087e-01 6.48571938e+00
8.28809786e-01 -5.80277602e-03 -5.59499219e-01 -2.83644932e+00 -1.94686171e-02 9.99041196e-01 -3.92011066e-02 -3.04857037e-01 5.59190627e-01 4.33829597e-02 8.27902737e-01 6.58275130e+00
8.24844729e-01 -9.10666804e-03 -5.65284815e-01 -2.90614454e+00 -1.89876112e-02 9.98859509e-01 -4.37975820e-02 -3.10964727e-01 5.65039355e-01 4.68596399e-02 8.23731660e-01 6.68191952e+00
8.21479202e-01 -1.00353712e-02 -5.70149016e-01 -2.97466452e+00 -1.87360678e-02 9.98829811e-01 -4.45759181e-02 -3.17207150e-01 5.69929537e-01 4.73005660e-02 8.20330527e-01 6.77876768e+00
8.18154915e-01 -8.43796145e-03 -5.74934798e-01 -3.04403034e+00 -1.95320223e-02 9.98906894e-01 -4.24551750e-02 -3.23399463e-01 5.74664958e-01 4.59645715e-02 8.17096479e-01 6.87461420e+00
8.15269094e-01 -6.42781775e-03 -5.79045434e-01 -3.12099481e+00 -2.03429071e-02 9.99002712e-01 -3.97315084e-02 -3.29989239e-01 5.78723793e-01 4.41713600e-02 8.14325965e-01 6.97843824e+00
8.11998272e-01 -5.77153432e-03 -5.83630090e-01 -3.19885448e+00 -2.06563613e-02 9.99039940e-01 -3.86185051e-02 -3.36977264e-01 5.83293082e-01 4.34138564e-02 8.11100188e-01 7.08348875e+00
8.08547623e-01 -6.02838991e-03 -5.88398701e-01 -3.27553230e+00 -2.08981294e-02 9.99021912e-01 -3.89525418e-02 -3.44148036e-01 5.88058477e-01 4.37914374e-02 8.07631514e-01 7.18688492e+00
8.04769924e-01 -7.86196407e-03 -5.93533585e-01 -3.34784130e+00 -2.06012849e-02 9.98939336e-01 -4.11651834e-02 -3.50104400e-01 5.93228146e-01 4.53560797e-02 8.03755100e-01 7.28295782e+00
8.00699875e-01 -8.31155740e-03 -5.99006796e-01 -3.42392809e+00 -2.14969477e-02 9.98860541e-01 -4.25949885e-02 -3.56545824e-01 5.98678748e-01 4.69826483e-02 7.99609531e-01 7.38205221e+00
7.95950112e-01 -8.18188240e-03 -6.05305748e-01 -3.50514887e+00 -2.17598142e-02 9.98875250e-01 -4.21149180e-02 -3.63479419e-01 6.04969976e-01 4.66927424e-02 7.94877455e-01 7.48718507e+00
7.90745244e-01 -8.02493754e-03 -6.12091615e-01 -3.58234899e+00 -2.17263001e-02 9.98915652e-01 -4.11640985e-02 -3.70623564e-01 6.11758681e-01 4.58488295e-02 7.89714046e-01 7.58632601e+00
7.85040558e-01 -8.43160980e-03 -6.19385876e-01 -3.65894726e+00 -2.18879128e-02 9.98904887e-01 -4.13397681e-02 -3.77627201e-01 6.19056616e-01 4.60104864e-02 7.83996836e-01 7.68258434e+00
7.79942656e-01 -9.90352934e-03 -6.25771560e-01 -3.73511797e+00 -2.12491065e-02 9.98878791e-01 -4.22925957e-02 -3.84045614e-01 6.25489267e-01 4.62829117e-02 7.78858272e-01 7.77574680e+00
7.75045609e-01 -1.14390562e-02 -6.31800682e-01 -3.81475882e+00 -2.06542112e-02 9.98842817e-01 -4.34215558e-02 -3.90918500e-01 6.31566768e-01 4.67030572e-02 7.73913020e-01 7.87181952e+00
7.69967977e-01 -1.28614850e-02 -6.37951857e-01 -3.89710290e+00 -2.03447707e-02 9.98793197e-01 -4.46911123e-02 -3.98305672e-01 6.37757260e-01 4.73897365e-02 7.68777621e-01 7.96994495e+00
7.64575625e-01 -1.51984513e-02 -6.44353780e-01 -3.98173786e+00 -1.90241451e-02 9.98753777e-01 -4.61313289e-02 -4.06053757e-01 6.44252420e-01 4.75291987e-02 7.63334075e-01 8.07028323e+00
7.59254678e-01 -1.73609736e-02 -6.50561007e-01 -4.06417063e+00 -1.76416647e-02 9.98727261e-01 -4.72413548e-02 -4.14283730e-01 6.50553683e-01 4.73452261e-02 7.57982507e-01 8.16720251e+00
7.53956291e-01 -1.66259173e-02 -6.56713147e-01 -4.14817506e+00 -1.90114550e-02 9.98708288e-01 -4.71107295e-02 -4.22542650e-01 6.56648661e-01 4.80045323e-02 7.52666733e-01 8.26326850e+00
7.48041164e-01 -1.61533848e-02 -6.63454672e-01 -4.23138752e+00 -1.99201034e-02 9.98706253e-01 -4.67756619e-02 -4.30021890e-01 6.63352534e-01 4.82062344e-02 7.46752051e-01 8.35634149e+00
7.41778593e-01 -1.70907100e-02 -6.70426010e-01 -4.32296976e+00 -1.98146071e-02 9.98679738e-01 -4.73820904e-02 -4.38141397e-01 6.70351306e-01 4.84312758e-02 7.40461060e-01 8.45727563e+00
7.35796916e-01 -1.96625929e-02 -6.76915751e-01 -4.41156298e+00 -1.86187401e-02 9.98612676e-01 -4.92452916e-02 -4.46584004e-01 6.76945534e-01 4.88378806e-02 7.34410443e-01 8.55431215e+00
7.30033782e-01 -2.05331414e-02 -6.83101503e-01 -4.49928467e+00 -1.84768636e-02 9.98589605e-01 -4.97625973e-02 -4.54629899e-01 6.83160480e-01 4.89499786e-02 7.28625206e-01 8.64805454e+00
7.26045141e-01 -2.09915064e-02 -6.87325565e-01 -4.59095520e+00 -1.86024810e-02 9.98568047e-01 -5.01475291e-02 -4.62605431e-01 6.87394608e-01 4.91953589e-02 7.24615440e-01 8.74199478e+00
7.21107146e-01 -2.12312049e-02 -6.92497193e-01 -4.68615843e+00 -1.85071614e-02 9.98582909e-01 -4.98872092e-02 -4.71389477e-01 6.92575596e-01 4.87902101e-02 7.19692741e-01 8.83908495e+00
7.15695385e-01 -2.16602650e-02 -6.98075634e-01 -4.77792950e+00 -1.85838103e-02 9.98573976e-01 -5.00371446e-02 -4.79728796e-01 6.98164569e-01 4.87842879e-02 7.14272644e-01 8.93267562e+00
7.10566856e-01 -2.30973945e-02 -7.03249584e-01 -4.86831221e+00 -1.88353604e-02 9.98478078e-01 -5.18251462e-02 -4.87794057e-01 7.03376913e-01 5.00712171e-02 7.09050743e-01 9.02288140e+00
7.06154184e-01 -2.58270235e-02 -7.07585929e-01 -4.96009935e+00 -1.78337893e-02 9.98368251e-01 -5.42383186e-02 -4.96383895e-01 7.07832781e-01 5.09195839e-02 7.04541696e-01 9.11361518e+00
7.01054601e-01 -2.70672670e-02 -7.12592774e-01 -5.05459450e+00 -1.81263606e-02 9.98279637e-01 -5.57516986e-02 -5.05710234e-01 7.12876503e-01 5.20017281e-02 6.99358279e-01 9.20493069e+00
6.96862400e-01 -2.70974446e-02 -7.16691875e-01 -5.15171621e+00 -1.80748715e-02 9.98304691e-01 -5.53197146e-02 -5.15393968e-01 7.16976412e-01 5.15043729e-02 6.95191544e-01 9.29719801e+00
6.93388971e-01 -2.69913022e-02 -7.20056866e-01 -5.24547254e+00 -1.75071941e-02 9.98371676e-01 -5.42827014e-02 -5.24629604e-01 7.20350145e-01 5.02452299e-02 6.91787694e-01 9.38614502e+00
6.89860273e-01 -2.72186144e-02 -7.23429733e-01 -5.34331432e+00 -1.73668308e-02 9.98382710e-01 -5.41244842e-02 -5.34968169e-01 7.23733590e-01 4.99020435e-02 6.88272150e-01 9.47782118e+00
6.85999003e-01 -2.78978057e-02 -7.27066468e-01 -5.43996350e+00 -1.69961982e-02 9.98377120e-01 -5.43442553e-02 -5.44772310e-01 7.27403304e-01 4.96375021e-02 6.84411841e-01 9.56831584e+00
6.82468410e-01 -2.80161837e-02 -7.30376978e-01 -5.53054993e+00 -1.71125424e-02 9.98378308e-01 -5.42863449e-02 -5.53614297e-01 7.30714126e-01 4.95473549e-02 6.80882476e-01 9.65192087e+00
6.79462102e-01 -2.79698173e-02 -7.33176305e-01 -5.62290840e+00 -1.68956444e-02 9.98411221e-01 -5.37460172e-02 -5.62309139e-01 7.33515431e-01 4.89058998e-02 6.77910268e-01 9.73664069e+00
6.75913613e-01 -2.89657165e-02 -7.36410398e-01 -5.71601649e+00 -1.56165569e-02 9.98439584e-01 -5.36058975e-02 -5.71641102e-01 7.36814677e-01 4.77331846e-02 6.74406859e-01 9.82190106e+00
6.71979966e-01 -3.20146781e-02 -7.39875994e-01 -5.80496059e+00 -1.35682326e-02 9.98364730e-01 -5.55226606e-02 -5.80580249e-01 7.40444380e-01 4.73489560e-02 6.70446980e-01 9.90241853e+00
6.67682623e-01 -3.50194022e-02 -7.43620920e-01 -5.89322999e+00 -1.16175635e-02 9.98280670e-01 -5.74432691e-02 -5.89077200e-01 7.44354754e-01 4.69929647e-02 6.66128087e-01 9.98116305e+00
6.62785546e-01 -3.75996810e-02 -7.47863703e-01 -5.98353520e+00 -9.60523696e-03 9.98229025e-01 -5.86995733e-02 -5.97717380e-01 7.48747055e-01 4.60886652e-02 6.61250838e-01 1.00606779e+01
6.57623861e-01 -4.05489560e-02 -7.52253409e-01 -6.07545751e+00 -7.69420691e-03 9.98136339e-01 -6.05291393e-02 -6.06610788e-01 7.53306616e-01 4.55934268e-02 6.56086435e-01 1.01404690e+01
6.50825584e-01 -4.27422760e-02 -7.58022246e-01 -6.16594347e+00 -5.86611903e-03 9.98100719e-01 -6.13159975e-02 -6.15540908e-01 7.59204084e-01 4.43526931e-02 6.49338920e-01 1.02172815e+01
6.44617908e-01 -4.19317161e-02 -7.63353117e-01 -6.26116005e+00 -5.19357283e-03 9.98231021e-01 -5.92194876e-02 -6.25685538e-01 7.64486704e-01 4.21384983e-02 6.43259976e-01 1.02966176e+01
6.37456207e-01 -4.05044781e-02 -7.69420249e-01 -6.35872258e+00 -6.20001816e-03 9.98314758e-01 -5.76907533e-02 -6.35555249e-01 7.70461128e-01 4.15457707e-02 6.36130981e-01 1.03764293e+01
6.30111004e-01 -4.11252883e-02 -7.75414285e-01 -6.45794857e+00 -6.82423547e-03 9.98264170e-01 -5.84898988e-02 -6.45440307e-01 7.76474501e-01 4.21467636e-02 6.28736784e-01 1.04569042e+01
6.22083123e-01 -4.26741984e-02 -7.81786378e-01 -6.56256142e+00 -7.40541690e-03 9.98147669e-01 -6.03769939e-02 -6.55341391e-01 7.82915559e-01 4.33489905e-02 6.20615001e-01 1.05392260e+01
6.13722523e-01 -4.53723302e-02 -7.88215999e-01 -6.66725462e+00 -7.82554681e-03 9.97948237e-01 -6.35383249e-02 -6.64651087e-01 7.89482400e-01 4.51631509e-02 6.12108425e-01 1.06200186e+01
6.05075415e-01 -4.64129027e-02 -7.94813202e-01 -6.77635564e+00 -7.94539184e-03 9.97897163e-01 -6.43205716e-02 -6.74725755e-01 7.96127909e-01 4.52339267e-02 6.03434453e-01 1.07012648e+01
5.96421498e-01 -4.66799551e-02 -8.01311964e-01 -6.88581106e+00 -8.00493347e-03 9.97911507e-01 -6.40908336e-02 -6.84863417e-01 8.02630918e-01 4.46396269e-02 5.94802361e-01 1.07807270e+01
5.88481336e-01 -4.71715439e-02 -8.07132565e-01 -6.99978805e+00 -8.62958431e-03 9.97872771e-01 -6.46108466e-02 -6.95900779e-01 8.08464121e-01 4.49875266e-02 5.86822585e-01 1.08622163e+01
5.80583765e-01 -4.73336120e-02 -8.12822501e-01 -7.11883525e+00 -1.10670975e-02 9.97757272e-01 -6.60080154e-02 -7.07410930e-01 8.14124689e-01 4.73188011e-02 5.78757958e-01 1.09453457e+01
5.72587288e-01 -4.82375688e-02 -8.18422458e-01 -7.23292813e+00 -1.30325704e-02 9.97605428e-01 -6.79164089e-02 -7.17739618e-01 8.19739533e-01 4.95542550e-02 5.70587676e-01 1.10239051e+01
5.64098432e-01 -4.91511083e-02 -8.24242310e-01 -7.34465468e+00 -1.57393323e-02 9.97404795e-01 -7.02488245e-02 -7.27871473e-01 8.25556821e-01 5.26003149e-02 5.61861051e-01 1.10990345e+01
5.56146778e-01 -5.02264467e-02 -8.29563996e-01 -7.45624598e+00 -1.81839634e-02 9.97197297e-01 -7.25665531e-02 -7.38671865e-01 8.30884512e-01 5.54424531e-02 5.53674885e-01 1.11731247e+01
5.50059961e-01 -5.06005829e-02 -8.33589742e-01 -7.56907411e+00 -1.84164281e-02 9.97184455e-01 -7.26835085e-02 -7.50152844e-01 8.34921340e-01 5.53320750e-02 5.47579553e-01 1.12464883e+01
5.45213291e-01 -4.96934933e-02 -8.36822175e-01 -7.68527023e+00 -1.91552191e-02 9.97241730e-01 -7.16999215e-02 -7.62261416e-01 8.38077795e-01 5.51212987e-02 5.42757757e-01 1.13206872e+01
5.39937841e-01 -4.92858037e-02 -8.40259750e-01 -7.80459452e+00 -1.90323870e-02 9.97313484e-01 -7.07277563e-02 -7.75292992e-01 8.41489061e-01 5.41807710e-02 5.37549464e-01 1.13963341e+01
5.34760900e-01 -5.01474414e-02 -8.43513169e-01 -7.91984470e+00 -2.01207821e-02 9.97198176e-01 -7.20400490e-02 -7.87015503e-01 8.44763265e-01 5.54963734e-02 5.32253768e-01 1.14673866e+01
5.29981217e-01 -5.13931393e-02 -8.46449709e-01 -8.03557073e+00 -2.13788974e-02 9.97034200e-01 -7.39218423e-02 -7.98953750e-01 8.47739315e-01 5.72733730e-02 5.27310861e-01 1.15374925e+01
5.26349382e-01 -5.22314743e-02 -8.48661681e-01 -8.15507108e+00 -2.30092666e-02 9.96870266e-01 -7.56236687e-02 -8.11833783e-01 8.49956418e-01 5.93315810e-02 5.23500454e-01 1.16077121e+01
5.22159037e-01 -5.45274374e-02 -8.51102381e-01 -8.26938207e+00 -2.33205529e-02 9.96667362e-01 -7.81606910e-02 -8.24961477e-01 8.52528707e-01 6.06605124e-02 5.19147456e-01 1.16746897e+01
5.17447820e-01 -5.65414364e-02 -8.53843944e-01 -8.38520803e+00 -2.39092171e-02 9.96469205e-01 -8.04755590e-02 -8.38034676e-01 8.55380226e-01 6.20566621e-02 5.14269122e-01 1.17416840e+01
5.13825499e-01 -5.50513723e-02 -8.56125790e-01 -8.50254248e+00 -2.53678957e-02 9.96527019e-01 -7.93047568e-02 -8.51918418e-01 8.57519114e-01 6.24669372e-02 5.10644618e-01 1.18093451e+01
5.11687775e-01 -5.21203384e-02 -8.57588299e-01 -8.61512833e+00 -2.60791917e-02 9.96755567e-01 -7.61386742e-02 -8.65332565e-01 8.58775039e-01 6.13244650e-02 5.08668564e-01 1.18743697e+01
5.10145133e-01 -5.01671846e-02 -8.58623162e-01 -8.72563942e+00 -2.65214769e-02 9.96904647e-01 -7.40041643e-02 -8.78183336e-01 8.59678826e-01 6.05248464e-02 5.07235686e-01 1.19385385e+01
5.07709347e-01 -4.89804501e-02 -8.60134029e-01 -8.83643789e+00 -2.70622424e-02 9.96982590e-01 -7.27472595e-02 -8.91095771e-01 8.61102716e-01 6.02116521e-02 5.04852004e-01 1.20025185e+01
5.06015782e-01 -4.77344248e-02 -8.61201380e-01 -8.94568734e+00 -2.72384146e-02 9.97084433e-01 -7.12705570e-02 -9.03721296e-01 8.62093433e-01 5.95218216e-02 5.03240396e-01 1.20651082e+01
5.04679708e-01 -4.66151661e-02 -8.62046291e-01 -9.05442859e+00 -2.66125950e-02 9.97225991e-01 -6.95051655e-02 -9.16986944e-01 8.62895836e-01 5.80191693e-02 5.02039281e-01 1.21282325e+01
5.03910523e-01 -4.63310219e-02 -8.62511424e-01 -9.16311006e+00 -2.71490726e-02 9.97216910e-01 -6.94283583e-02 -9.29502560e-01 8.63328557e-01 5.84021034e-02 5.01250318e-01 1.21904901e+01
5.03623677e-01 -4.71398224e-02 -8.62635064e-01 -9.27393781e+00 -2.70769785e-02 9.97157847e-01 -7.02990409e-02 -9.42256221e-01 8.63498133e-01 5.87618550e-02 5.00915969e-01 1.22543151e+01
5.03911992e-01 -4.65659744e-02 -8.62497872e-01 -9.38357628e+00 -2.61079390e-02 9.97267779e-01 -6.90956156e-02 -9.54742452e-01 8.63359748e-01 5.73361902e-02 5.01319553e-01 1.23174947e+01
5.03666597e-01 -4.48059837e-02 -8.62734387e-01 -9.48980718e+00 -2.59298393e-02 9.97419492e-01 -6.69387143e-02 -9.66939064e-01 8.63508255e-01 5.60853977e-02 5.01205202e-01 1.23781285e+01
5.03201802e-01 -4.41111994e-02 -8.63041341e-01 -9.60485797e+00 -2.49232231e-02 9.97539503e-01 -6.55172003e-02 -9.79886766e-01 8.63808780e-01 5.44781842e-02 5.00864443e-01 1.24441302e+01
5.03162261e-01 -4.42050449e-02 -8.63059601e-01 -9.72109029e+00 -2.45704354e-02 9.97554781e-01 -6.54182446e-02 -9.92333409e-01 8.63841949e-01 5.41217811e-02 5.00845914e-01 1.25107670e+01
5.03775114e-01 -4.50398361e-02 -8.62658814e-01 -9.82574776e+00 -2.41026408e-02 9.97517557e-01 -6.61562908e-02 -1.00382227e+00 8.63497843e-01 5.41202918e-02 5.01439061e-01 1.25705957e+01
5.03939127e-01 -4.52884565e-02 -8.62550034e-01 -9.93290355e+00 -2.50087868e-02 9.97440139e-01 -6.69820932e-02 -1.01520972e+00 8.63376334e-01 5.53262700e-02 5.01516661e-01 1.26321515e+01
5.05245299e-01 -4.41502750e-02 -8.61844641e-01 -1.00365976e+01 -2.65827271e-02 9.97419694e-01 -6.66792211e-02 -1.02660519e+00 8.62565569e-01 5.65995855e-02 5.02768138e-01 1.26912150e+01
5.07939170e-01 -4.29487056e-02 -8.60320499e-01 -1.01366899e+01 -2.88438215e-02 9.97347469e-01 -6.68188992e-02 -1.03750197e+00 8.60909133e-01 5.87549139e-02 5.05353238e-01 1.27484979e+01
5.11900612e-01 -4.30058107e-02 -8.57966432e-01 -1.02365812e+01 -2.98960981e-02 9.97248574e-01 -6.78246718e-02 -1.04864195e+00 8.58523575e-01 6.03693869e-02 5.09206637e-01 1.28067931e+01
5.17210361e-01 -4.31297577e-02 -8.54769784e-01 -1.03345717e+01 -3.03175753e-02 9.97178617e-01 -6.86601445e-02 -1.06010259e+00 8.55320427e-01 6.14263308e-02 5.14443739e-01 1.28645055e+01
5.22143465e-01 -4.25819355e-02 -8.51792915e-01 -1.04380522e+01 -3.01086580e-02 9.97209148e-01 -6.83078236e-02 -1.07194414e+00 8.52325308e-01 6.13128676e-02 5.19404395e-01 1.29264167e+01
5.27476546e-01 -4.21760248e-02 -8.48520968e-01 -1.05382663e+01 -2.95714209e-02 9.97249564e-01 -6.79514582e-02 -1.08319447e+00 8.49054048e-01 6.09348145e-02 5.24778791e-01 1.29875849e+01
5.33133018e-01 -4.13367155e-02 -8.45019903e-01 -1.06452094e+01 -2.89053424e-02 9.97331821e-01 -6.70242214e-02 -1.09568290e+00 8.45536761e-01 6.01584560e-02 5.30515937e-01 1.30533459e+01
5.38244760e-01 -4.02160909e-02 -8.41827476e-01 -1.07529611e+01 -2.77008119e-02 9.97476318e-01 -6.53630345e-02 -1.10782225e+00 8.42332535e-01 5.85006542e-02 5.35772605e-01 1.31205017e+01
5.44105342e-01 -3.93760555e-02 -8.38091360e-01 -1.08632245e+01 -2.64856544e-02 9.97593540e-01 -6.40649323e-02 -1.12020418e+00 8.38598064e-01 5.70555098e-02 5.41753299e-01 1.31902928e+01
5.49965275e-01 -3.96082581e-02 -8.34246790e-01 -1.09688066e+01 -2.61615766e-02 9.97567062e-01 -6.46089796e-02 -1.13183770e+00 8.34777020e-01 5.73579446e-02 5.47591236e-01 1.32583930e+01
5.55776573e-01 -4.20820711e-02 -8.30264855e-01 -1.10712207e+01 -2.41731707e-02 9.97477027e-01 -6.67386505e-02 -1.14291232e+00 8.30979489e-01 5.71619551e-02 5.53357295e-01 1.33263701e+01
5.63310410e-01 -4.29769231e-02 -8.25125782e-01 -1.11745541e+01 -2.35469774e-02 9.97405009e-01 -6.80255472e-02 -1.15484533e+00 8.25909057e-01 5.77487579e-02 5.60836864e-01 1.33959070e+01
5.71522057e-01 -4.32070621e-02 -8.19447312e-01 -1.12805559e+01 -2.32156852e-02 9.97361074e-01 -6.87796390e-02 -1.16609464e+00 8.20257603e-01 5.83331512e-02 5.69010943e-01 1.34693947e+01
5.79720940e-01 -4.29259354e-02 -8.13682492e-01 -1.13866084e+01 -2.19866807e-02 9.97422944e-01 -6.82839217e-02 -1.17731611e+00 8.14517694e-01 5.74758349e-02 5.77283417e-01 1.35439446e+01
5.87006277e-01 -4.33875738e-02 -8.08417758e-01 -1.14986544e+01 -2.03787685e-02 9.97453884e-01 -6.83304452e-02 -1.18934158e+00 8.09325121e-01 5.65849989e-02 5.84627758e-01 1.36247397e+01
5.95119163e-01 -4.31656127e-02 -8.02476134e-01 -1.15993391e+01 -1.92810781e-02 9.97501351e-01 -6.79550021e-02 -1.20061473e+00 8.03405365e-01 5.59139730e-02 5.92800138e-01 1.36979128e+01
6.03134188e-01 -4.39856868e-02 -7.96424821e-01 -1.16962201e+01 -1.78382716e-02 9.97484159e-01 -6.85989020e-02 -1.21203824e+00 7.97439487e-01 5.55812282e-02 6.00832414e-01 1.37706458e+01
6.11242156e-01 -4.49851484e-02 -7.90162929e-01 -1.17988177e+01 -1.67511710e-02 9.97423650e-01 -6.97428939e-02 -1.22302033e+00 7.91265535e-01 5.58659929e-02 6.08914132e-01 1.38487566e+01
6.19436197e-01 -4.58851839e-02 -7.83703752e-01 -1.18886851e+01 -1.60588061e-02 9.97340242e-01 -7.10862046e-02 -1.23278377e+00 7.84882002e-01 5.66187519e-02 6.17052074e-01 1.39191252e+01
6.26614017e-01 -4.61337381e-02 -7.77961941e-01 -1.19771396e+01 -1.55950948e-02 9.97303541e-01 -7.17019910e-02 -1.24290051e+00 7.79173005e-01 5.70619004e-02 6.24205174e-01 1.39912069e+01
6.32816260e-01 -4.40607278e-02 -7.73046158e-01 -1.20670784e+01 -1.51494476e-02 9.97483352e-01 -6.92541204e-02 -1.25339921e+00 7.74153016e-01 5.55363965e-02 6.30556463e-01 1.40643467e+01
6.39082118e-01 -4.22376760e-02 -7.67976661e-01 -1.21630912e+01 -1.56905093e-02 9.97566626e-01 -6.79218456e-02 -1.26356371e+00 7.68977637e-01 5.54576259e-02 6.36864558e-01 1.41420805e+01
6.45393129e-01 -4.19100677e-02 -7.62698771e-01 -1.22582529e+01 -1.60513302e-02 9.97528470e-01 -6.83964320e-02 -1.27430741e+00 7.63681146e-01 5.63849602e-02 6.43125578e-01 1.42197588e+01
6.52546704e-01 -4.18646969e-02 -7.56589934e-01 -1.23501284e+01 -1.64986535e-02 9.97450276e-01 -6.94221110e-02 -1.28546367e+00 7.57568108e-01 5.77839257e-02 6.50192484e-01 1.42959513e+01
6.59316649e-01 -4.14360416e-02 -7.50721487e-01 -1.24354431e+01 -1.66666534e-02 9.97428830e-01 -6.96903845e-02 -1.29623848e+00 7.51679890e-01 5.84600924e-02 6.56931064e-01 1.43684444e+01
6.66330118e-01 -4.05743526e-02 -7.44550854e-01 -1.25140448e+01 -1.62722835e-02 9.97488805e-01 -6.89209278e-02 -1.30637233e+00 7.45478520e-01 5.80396829e-02 6.63996818e-01 1.44375101e+01
6.73134806e-01 -3.81520347e-02 -7.38533627e-01 -1.25907293e+01 -1.68686488e-02 9.97615720e-01 -6.69108319e-02 -1.31610154e+00 7.39326564e-01 5.74981295e-02 6.70886503e-01 1.45057085e+01
6.79987830e-01 -3.69198711e-02 -7.32291926e-01 -1.26669932e+01 -1.62943754e-02 9.97723355e-01 -6.54325736e-02 -1.32560766e+00 7.33041538e-01 5.64256491e-02 6.77838319e-01 1.45750000e+01
6.86712899e-01 -3.65390751e-02 -7.26008506e-01 -1.27441684e+01 -1.60330776e-02 9.97731086e-01 -6.53797332e-02 -1.33533988e+00 7.26751168e-01 5.65373111e-02 6.84569114e-01 1.46455923e+01
6.93549372e-01 -3.57470377e-02 -7.19520292e-01 -1.28225276e+01 -1.64708211e-02 9.97719660e-01 -6.54447149e-02 -1.34588496e+00 7.20220033e-01 5.72402858e-02 6.91379222e-01 1.47181118e+01
7.00129986e-01 -3.37330654e-02 -7.13216724e-01 -1.28943585e+01 -1.72590457e-02 9.97791384e-01 -6.41349030e-02 -1.35475510e+00 7.13806032e-01 5.72122655e-02 6.98001618e-01 1.47856773e+01
7.07194250e-01 -3.16299711e-02 -7.06309983e-01 -1.29675923e+01 -1.74910470e-02 9.97909696e-01 -6.22012563e-02 -1.36359939e+00 7.06802159e-01 5.63425293e-02 7.05162908e-01 1.48558706e+01
7.14800010e-01 -3.01111463e-02 -6.98678933e-01 -1.30366229e+01 -1.74005406e-02 9.97996876e-01 -6.08128850e-02 -1.37237166e+00 6.99111669e-01 5.56264994e-02 7.12844372e-01 1.49229761e+01
7.22092391e-01 -2.96061081e-02 -6.91161368e-01 -1.31055460e+01 -1.70089615e-02 9.98021382e-01 -6.05206233e-02 -1.38147653e+00 6.91586732e-01 5.54574762e-02 7.20160250e-01 1.49908883e+01
7.29840610e-01 -2.85284952e-02 -6.83020320e-01 -1.31722480e+01 -1.77715767e-02 9.97998798e-01 -6.06742794e-02 -1.39002587e+00 6.83385505e-01 5.64209639e-02 7.27873217e-01 1.50576941e+01
7.37204552e-01 -2.66100371e-02 -6.75143906e-01 -1.32369165e+01 -1.82525046e-02 9.98074638e-01 -5.92682161e-02 -1.39796823e+00 6.75422205e-01 5.60159316e-02 7.35299632e-01 1.51242583e+01
7.45567039e-01 -2.42534535e-02 -6.65987615e-01 -1.32965691e+01 -1.85134718e-02 9.98197500e-01 -5.70772075e-02 -1.40497257e+00 6.66172584e-01 5.48846924e-02 7.43774328e-01 1.51873678e+01
7.54377776e-01 -2.30511932e-02 -6.56034055e-01 -1.33561566e+01 -1.79580680e-02 9.98283922e-01 -5.57268977e-02 -1.41128372e+00 6.56193941e-01 5.38203055e-02 7.52669445e-01 1.52534226e+01
7.63867726e-01 -2.26081656e-02 -6.44975049e-01 -1.34094558e+01 -1.79926125e-02 9.98251174e-01 -5.63006899e-02 -1.41722005e+00 6.45121020e-01 5.46111405e-02 7.62125235e-01 1.53144993e+01
7.73274060e-01 -2.29449229e-02 -6.33654977e-01 -1.34656205e+01 -1.77657827e-02 9.98168095e-01 -5.78242867e-02 -1.42408744e+00 6.33822061e-01 5.59714690e-02 7.71450057e-01 1.53807385e+01
7.83377371e-01 -2.35020590e-02 -6.21100154e-01 -1.35192632e+01 -1.65879243e-02 9.98137836e-01 -5.86907482e-02 -1.43134073e+00 6.21324014e-01 5.62798415e-02 7.81528897e-01 1.54462924e+01
7.94310037e-01 -2.30605870e-02 -6.07073015e-01 -1.35678854e+01 -1.55421195e-02 9.98180351e-01 -5.82529861e-02 -1.43815246e+00 6.07312806e-01 5.57062101e-02 7.92506358e-01 1.55095706e+01
8.04000531e-01 -2.21202928e-02 -5.94215165e-01 -1.36134652e+01 -1.45634360e-02 9.98274982e-01 -5.68667381e-02 -1.44456655e+00 5.94449160e-01 5.43747778e-02 8.02291666e-01 1.55688704e+01
8.12919449e-01 -2.09944688e-02 -5.81995738e-01 -1.36557054e+01 -1.38232353e-02 9.98372271e-01 -5.53224070e-02 -1.45041220e+00 5.82210999e-01 5.30177993e-02 8.11306231e-01 1.56252781e+01
8.21646133e-01 -2.01471815e-02 -5.69639899e-01 -1.36947000e+01 -1.24574477e-02 9.98501173e-01 -5.32837089e-02 -1.45562639e+00 5.69860768e-01 5.08766866e-02 8.20163761e-01 1.56801441e+01
8.29857348e-01 -1.98553825e-02 -5.57620207e-01 -1.37331567e+01 -1.08008943e-02 9.98607171e-01 -5.16316619e-02 -1.46075261e+00 5.57869889e-01 4.88697864e-02 8.28487251e-01 1.57355210e+01
8.37356814e-01 -1.94000555e-02 -5.46310308e-01 -1.37749663e+01 -9.29126181e-03 9.98719986e-01 -4.97066525e-02 -1.46640490e+00 5.46576522e-01 4.66981880e-02 8.36105019e-01 1.57976298e+01
8.44510078e-01 -1.96795780e-02 -5.35175830e-01 -1.38151112e+01 -7.71290256e-03 9.98773331e-01 -4.88979394e-02 -1.47172705e+00 5.35482808e-01 4.54226319e-02 8.43322698e-01 1.58602275e+01
8.52439391e-01 -2.03796076e-02 -5.22426515e-01 -1.38532707e+01 -6.10322027e-03 9.98783344e-01 -4.89205091e-02 -1.47712139e+00 5.22789066e-01 4.48903231e-02 8.51278236e-01 1.59222120e+01
8.60101214e-01 -1.96257122e-02 -5.09743494e-01 -1.38917222e+01 -5.79723294e-03 9.98818470e-01 -4.82373214e-02 -1.48311001e+00 5.10089050e-01 4.44441544e-02 8.58971507e-01 1.59860351e+01
8.66395833e-01 -1.84320484e-02 -4.99015244e-01 -1.39290839e+01 -5.82376020e-03 9.98876985e-01 -4.70065010e-02 -1.48871865e+00 4.99322414e-01 4.36324557e-02 8.65315836e-01 1.60487700e+01
8.72852625e-01 -1.77377396e-02 -4.87659089e-01 -1.39653186e+01 -5.50438134e-03 9.98917092e-01 -4.61858996e-02 -1.49385735e+00 4.87951380e-01 4.29978196e-02 8.71810064e-01 1.61113855e+01
8.78892953e-01 -1.88686887e-02 -4.76643325e-01 -1.40035319e+01 -3.76664125e-03 9.98911087e-01 -4.64887379e-02 -1.49959228e+00 4.77002631e-01 4.26540408e-02 8.77865181e-01 1.61804281e+01
8.84797493e-01 -2.02375169e-02 -4.65533740e-01 -1.40382646e+01 -2.11754661e-03 9.98870876e-01 -4.74470396e-02 -1.50526141e+00 4.65969464e-01 4.29668776e-02 8.83755932e-01 1.62444709e+01
8.89643056e-01 -2.09992403e-02 -4.56171111e-01 -1.40769857e+01 -1.30666550e-03 9.98820344e-01 -4.85275479e-02 -1.51146844e+00 4.56653197e-01 4.37683260e-02 8.88566486e-01 1.63170287e+01
8.94243817e-01 -1.97989958e-02 -4.47139626e-01 -1.41149914e+01 -1.57050134e-03 9.98875565e-01 -4.73701593e-02 -1.51734018e+00 4.47575865e-01 4.30627727e-02 8.93207541e-01 1.63886799e+01
8.98412629e-01 -1.73295083e-02 -4.38807827e-01 -1.41544914e+01 -2.33031830e-03 9.99018273e-01 -4.42244018e-02 -1.52344150e+00 4.39144591e-01 4.07543895e-02 8.97490580e-01 1.64646854e+01
9.02212400e-01 -1.53542120e-02 -4.31016108e-01 -1.41925648e+01 -2.89802270e-03 9.99127110e-01 -4.16582352e-02 -1.52930416e+00 4.31280668e-01 3.88337401e-02 9.01380675e-01 1.65400157e+01
9.06294088e-01 -1.35129368e-02 -4.22429134e-01 -1.42278299e+01 -3.87508040e-03 9.99180504e-01 -4.02759991e-02 -1.53473841e+00 4.22628341e-01 3.81389146e-02 9.05499319e-01 1.66097919e+01
9.10042486e-01 -1.16238458e-02 -4.14349553e-01 -1.42605788e+01 -4.87081070e-03 9.99237297e-01 -3.87295091e-02 -1.53995056e+00 4.14484848e-01 3.72637848e-02 9.09292070e-01 1.66747582e+01
9.14036141e-01 -9.78215236e-03 -4.05512333e-01 -1.42919645e+01 -5.59842497e-03 9.99309148e-01 -3.67251170e-02 -1.54492882e+00 4.05592563e-01 3.58383815e-02 9.13350247e-01 1.67392237e+01
9.18141847e-01 -9.15471748e-03 -3.96143429e-01 -1.43261970e+01 -5.07343576e-03 9.99378953e-01 -3.48537833e-02 -1.54979533e+00 3.96217589e-01 3.40105937e-02 9.17525614e-01 1.68109853e+01
9.22477544e-01 -8.29578465e-03 -3.85958906e-01 -1.43620497e+01 -4.97809839e-03 9.99429758e-01 -3.33796385e-02 -1.55469089e+00 3.86016847e-01 3.27133765e-02 9.21910598e-01 1.68875019e+01
