1.00000000e+00 0.00000000e+00 0.00000000e+00 0.00000000e+00 0.00000000e+00 1.00000000e+00 0.00000000e+00 0.00000000e+00 0.00000000e+00 0.00000000e+00 1.00000000e+00 0.00000000e+00
9.99722444e-01 2.84339290e-03 2.33843074e-02 -1.08382675e-03 -2.89016929e-03 9.99993806e-01 1.96675829e-03 -6.75594533e-04 -2.33785705e-02 -2.03379726e-03 9.99724522e-01 4.97728214e-02
9.98497806e-01 5.73255311e-03 5.44893191e-02 -8.98927404e-04 -6.00205014e-03 9.99970437e-01 4.78350661e-03 -2.39326114e-04 -5.44602882e-02 -5.10336846e-03 9.98502814e-01 9.79812312e-02
9.96080115e-01 7.15178017e-03 8.81650029e-02 3.70401807e-04 -7.90157746e-03 9.99935370e-01 8.15840166e-03 1.10882624e-03 -8.81009705e-02 -8.82306523e-03 9.96072366e-01 1.44004478e-01
9.91984953e-01 7.15112943e-03 1.26152560e-01 4.69538821e-03 -8.60773116e-03 9.99902292e-01 1.10050044e-02 2.59748989e-03 -1.26061536e-01 -1.20026874e-02 9.91949729e-01 1.91923431e-01
9.85722836e-01 6.97852973e-03 1.68230880e-01 1.20301288e-02 -9.35257889e-03 9.99867420e-01 1.33236291e-02 4.94846749e-03 -1.68115620e-01 -1.47067995e-02 9.85657487e-01 2.39663692e-01
9.77706426e-01 6.22362811e-03 2.09883701e-01 1.99382155e-02 -9.64718249e-03 9.99836451e-01 1.52918138e-02 8.08207469e-03 -2.09754230e-01 -1.69756929e-02 9.77606687e-01 2.84835212e-01
9.67460631e-01 5.98167679e-03 2.52950548e-01 2.87534575e-02 -1.07851601e-02 9.99786746e-01 1.76074610e-02 1.10501747e-02 -2.52791309e-01 -1.97626377e-02 9.67318930e-01 3.27178039e-01
9.54372467e-01 5.42677908e-03 2.98569318e-01 3.84569695e-02 -1.21378056e-02 9.99713512e-01 2.06275868e-02 1.34113062e-02 -2.98371839e-01 -2.33103754e-02 9.54165065e-01 3.67262550e-01
9.38184915e-01 3.28307565e-03 3.46118854e-01 5.15670856e-02 -1.23167767e-02 9.99638363e-01 2.39037151e-02 1.81308786e-02 -3.45915223e-01 -2.66891705e-02 9.37886180e-01 4.10594634e-01
9.18614887e-01 1.06321586e-03 3.95152581e-01 6.58774489e-02 -1.19146615e-02 9.99616151e-01 2.50085179e-02 2.36926870e-02 -3.94974326e-01 -2.76812980e-02 9.18275174e-01 4.46407760e-01
8.95483530e-01 -9.86632538e-04 4.45093546e-01 8.05665956e-02 -1.22386659e-02 9.99564860e-01 2.68386958e-02 2.85494650e-02 -4.44926319e-01 -2.94809565e-02 8.95081982e-01 4.78724572e-01
8.68761853e-01 -3.39713998e-03 4.95218519e-01 1.00423351e-01 -1.25990774e-02 9.99501194e-01 2.89590291e-02 3.25100959e-02 -4.95069856e-01 -3.13977886e-02 8.68285918e-01 5.16149344e-01
8.40393990e-01 -7.67172842e-03 5.41921766e-01 1.24208637e-01 -1.15117001e-02 9.99421535e-01 3.20002981e-02 3.56694609e-02 -5.41853797e-01 -3.31312910e-02 8.39819732e-01 5.51869856e-01
8.07324288e-01 -1.10810239e-02 5.90004101e-01 1.49851026e-01 -1.06256233e-02 9.99388526e-01 3.33092245e-02 3.80701842e-02 -5.90012450e-01 -3.31604968e-02 8.06713159e-01 5.82632735e-01
7.72258085e-01 -1.24055632e-02 6.35187988e-01 1.80321734e-01 -1.16308972e-02 9.99365650e-01 3.36589382e-02 4.04691318e-02 -6.35202683e-01 -3.33811812e-02 7.71624107e-01 6.15999915e-01
7.34705935e-01 -1.46933796e-02 6.78226718e-01 2.14816678e-01 -1.16175800e-02 9.99346232e-01 3.42352829e-02 4.19940857e-02 -6.78286410e-01 -3.30322081e-02 7.34055103e-01 6.49431262e-01
6.95569813e-01 -1.78242471e-02 7.18237445e-01 2.49993539e-01 -1.05180029e-02 9.99332344e-01 3.49861440e-02 4.40229552e-02 -7.18381604e-01 -3.18897195e-02 6.94918200e-01 6.80360663e-01
6.55800157e-01 -2.10133466e-02 7.54642115e-01 2.85355315e-01 -9.61216813e-03 9.99298974e-01 3.61791198e-02 4.56792410e-02 -7.54873396e-01 -3.09800088e-02 6.55138757e-01 7.08537373e-01
6.16607016e-01 -2.33726784e-02 7.86924246e-01 3.24346336e-01 -9.83819767e-03 9.99252295e-01 3.73879945e-02 4.70619099e-02 -7.87209707e-01 -3.07956031e-02 6.15916383e-01 7.36343943e-01
5.80012321e-01 -2.52730826e-02 8.14215747e-01 3.65488377e-01 -1.08915586e-02 9.99188502e-01 3.87733003e-02 4.82753357e-02 -8.14534995e-01 -3.13570546e-02 5.79266768e-01 7.64527231e-01
5.42992164e-01 -2.72355814e-02 8.39296128e-01 4.07895780e-01 -1.13759874e-02 9.99143481e-01 3.97825513e-02 4.94103267e-02 -8.39660806e-01 -3.11494233e-02 5.42217599e-01 7.89754170e-01
5.08821631e-01 -2.84051301e-02 8.60403279e-01 4.53228936e-01 -1.30690760e-02 9.99085245e-01 4.07122909e-02 5.04669553e-02 -8.60772832e-01 -3.19599598e-02 5.07985311e-01 8.14882504e-01
4.76702012e-01 -2.85093904e-02 8.78602584e-01 5.00534173e-01 -1.56582344e-02 9.99039839e-01 4.09130842e-02 5.17697671e-02 -8.78925538e-01 -3.32607066e-02 4.75798245e-01 8.39505733e-01
4.50435338e-01 -2.84148600e-02 8.92356828e-01 5.46464130e-01 -1.70757100e-02 9.99036254e-01 4.04311259e-02 5.29854119e-02 -8.92645788e-01 -3.34492268e-02 4.49516374e-01 8.61902647e-01
4.23975695e-01 -2.72003042e-02 9.05265041e-01 5.95585546e-01 -1.81568688e-02 9.99092637e-01 3.85231959e-02 5.41182317e-02 -9.05491562e-01 -3.27696733e-02 4.23097438e-01 8.83272641e-01
4.00656039e-01 -2.58245105e-02 9.15864592e-01 6.49544332e-01 -1.79162099e-02 9.99190675e-01 3.60117181e-02 5.49924769e-02 -9.16053391e-01 -3.08371287e-02 3.99869423e-01 9.04868844e-01
3.83307759e-01 -2.55251978e-02 9.23267982e-01 7.08210063e-01 -1.66083502e-02 9.99265896e-01 3.45214819e-02 5.54269470e-02 -9.23471347e-01 -2.85663049e-02 3.82602770e-01 9.27551203e-01
3.69032112e-01 -2.62618874e-02 9.29045614e-01 7.71187004e-01 -1.46467240e-02 9.99312224e-01 3.40660836e-02 5.63662448e-02 -9.29301227e-01 -2.61789495e-02 3.68393977e-01 9.50873808e-01
3.57662857e-01 -2.74001291e-02 9.33448796e-01 8.36231432e-01 -1.36252985e-02 9.99309916e-01 3.45541104e-02 5.73976080e-02 -9.33751388e-01 -2.50772362e-02 3.57043030e-01 9.74949130e-01
3.46885806e-01 -2.85510039e-02 9.37472812e-01 9.02876280e-01 -1.33331046e-02 9.99285450e-01 3.53670802e-02 5.89787302e-02 -9.37812629e-01 -2.47677572e-02 3.46257583e-01 9.98503093e-01
3.37862467e-01 -2.96127166e-02 9.40729618e-01 9.72489525e-01 -1.28835128e-02 9.99265785e-01 3.60824576e-02 6.09085786e-02 -9.41107367e-01 -2.43108067e-02 3.37233191e-01 1.02297045e+00
3.28676754e-01 -3.10437558e-02 9.43932285e-01 1.04385755e+00 -1.26245250e-02 9.99225920e-01 3.72581029e-02 6.24317103e-02 -9.44358153e-01 -2.41625638e-02 3.28030752e-01 1.04780483e+00
3.18697778e-01 -3.24829977e-02 9.47299782e-01 1.11530605e+00 -1.27378199e-02 9.99175565e-01 3.85471931e-02 6.40289554e-02 -9.47770810e-01 -2.43514342e-02 3.18021624e-01 1.07185249e+00
3.09289055e-01 -3.36935167e-02 9.50371183e-01 1.18746544e+00 -1.21255567e-02 9.99151101e-01 3.93690774e-02 6.52946610e-02 -9.50890791e-01 -2.37001982e-02 3.08618323e-01 1.09540435e+00
3.00522452e-01 -3.42215067e-02 9.53160745e-01 1.26304579e+00 -1.21782626e-02 9.99136884e-01 3.97119042e-02 6.67217498e-02 -9.53696998e-01 -2.35421560e-02 2.99846675e-01 1.11934708e+00
2.91616399e-01 -3.53650999e-02 9.55881520e-01 1.34078933e+00 -1.26804869e-02 9.99085544e-01 4.08320610e-02 6.81325646e-02 -9.56451283e-01 -2.40283390e-02 2.90901646e-01 1.14339666e+00
2.82578156e-01 -3.75650403e-02 9.58508614e-01 1.42460464e+00 -1.35743036e-02 9.98976264e-01 4.31528712e-02 6.99299768e-02 -9.59148262e-01 -2.52051431e-02 2.81779303e-01 1.16887576e+00
2.71565318e-01 -4.03886089e-02 9.61572342e-01 1.51045572e+00 -1.44674970e-02 9.98834919e-01 4.60396268e-02 7.22272766e-02 -9.62311298e-01 -2.64143111e-02 2.70664940e-01 1.19444112e+00
2.61181376e-01 -4.24027355e-02 9.64358142e-01 1.59606387e+00 -1.49670552e-02 9.98736780e-01 4.79679662e-02 7.48183490e-02 -9.65173717e-01 -2.69619416e-02 2.60217157e-01 1.21906363e+00
2.51174105e-01 -4.32868084e-02 9.66973669e-01 1.68770367e+00 -1.51237592e-02 9.98702062e-01 4.86355903e-02 7.79957066e-02 -9.67823755e-01 -2.68402787e-02 2.50193809e-01 1.24383590e+00
2.40034867e-01 -4.34476855e-02 9.69791624e-01 1.77844674e+00 -1.52040301e-02 9.98707142e-01 4.85063193e-02 8.06205512e-02 -9.70645242e-01 -2.63879494e-02 2.39064312e-01 1.26710622e+00
2.25446823e-01 -4.32849492e-02 9.73293597e-01 1.87155785e+00 -1.57513077e-02 9.98720064e-01 4.80642631e-02 8.26263504e-02 -9.74128251e-01 -2.61665813e-02 2.24476808e-01 1.28927299e+00
2.05677975e-01 -4.30930326e-02 9.77670593e-01 1.96987494e+00 -1.71667045e-02 9.98717444e-01 4.76321823e-02 8.36420757e-02 -9.78469236e-01 -2.65802735e-02 2.04674758e-01 1.31134067e+00
1.81497752e-01 -4.29955566e-02 9.82451079e-01 2.06413240e+00 -1.81957563e-02 9.98725873e-01 4.70692874e-02 8.42303591e-02 -9.83223078e-01 -2.64194110e-02 1.80484511e-01 1.32969338e+00
1.54172801e-01 -4.31745128e-02 9.87100238e-01 2.16496823e+00 -1.82448313e-02 9.98750033e-01 4.65336884e-02 8.52872665e-02 -9.87875508e-01 -2.51837061e-02 1.53192732e-01 1.34646251e+00
1.24330601e-01 -4.37369528e-02 9.91276594e-01 2.25769815e+00 -1.95187243e-02 9.98726916e-01 4.65138198e-02 8.55430490e-02 -9.92049014e-01 -2.51315430e-02 1.23318976e-01 1.35923016e+00
9.35063039e-02 -4.41262696e-02 9.94640552e-01 2.35258531e+00 -1.98004733e-02 9.98737355e-01 4.61694831e-02 8.63001486e-02 -9.95421963e-01 -2.40114877e-02 9.25148672e-02 1.36850543e+00
6.37104508e-02 -4.41490112e-02 9.96991613e-01 2.45535071e+00 -1.91806610e-02 9.98782291e-01 4.54540198e-02 8.75904714e-02 -9.97784289e-01 -2.20188501e-02 6.27864142e-02 1.37553200e+00
3.35255745e-02 -4.36446359e-02 9.98484697e-01 2.56096896e+00 -1.82968632e-02 9.98851865e-01 4.42750467e-02 8.90350905e-02 -9.99270593e-01 -1.97534798e-02 3.26888787e-02 1.38002982e+00
7.16393080e-04 -4.17820520e-02 9.99126749e-01 2.67130370e+00 -1.78568874e-02 9.98966964e-01 4.17881916e-02 9.02183524e-02 -9.99840533e-01 -1.78712258e-02 -3.00808268e-05 1.38188657e+00
-3.29316972e-02 -4.06071874e-02 9.98632658e-01 2.78886174e+00 -1.54945332e-02 9.99075031e-01 4.01142368e-02 9.15764562e-02 -9.99337814e-01 -1.41523101e-02 -3.35300518e-02 1.38012559e+00
-6.79849367e-02 -3.80580760e-02 9.96960554e-01 2.91195249e+00 -1.12397426e-02 9.99238079e-01 3.73785778e-02 9.32789594e-02 -9.97623406e-01 -8.66439225e-03 -6.83605115e-02 1.37408268e+00
-1.01896131e-01 -3.60378853e-02 9.94142450e-01 3.03138606e+00 -6.63578728e-03 9.99346171e-01 3.55463957e-02 9.40369339e-02 -9.94773304e-01 -2.97487074e-03 -1.02068244e-01 1.36427419e+00
-1.33990348e-01 -3.42693797e-02 9.90390304e-01 3.14644178e+00 -2.41076678e-03 9.99410414e-01 3.42553560e-02 9.47013320e-02 -9.90980099e-01 2.20229355e-03 -1.33993549e-01 1.35092306e+00
-1.60020279e-01 -3.51125507e-02 9.86489476e-01 3.26254441e+00 2.38974837e-03 9.99350717e-01 3.59579885e-02 9.47816809e-02 -9.87111276e-01 8.11147412e-03 -1.59832039e-01 1.33432631e+00
-1.88561553e-01 -3.46801480e-02 9.81449212e-01 3.36623821e+00 5.70670276e-03 9.99320911e-01 3.64080773e-02 9.53202651e-02 -9.82045198e-01 1.24660053e-02 -1.88235160e-01 1.31771758e+00
-2.16603279e-01 -2.87028818e-02 9.75837965e-01 3.46901525e+00 9.79251091e-03 9.99453693e-01 3.15711274e-02 9.66322157e-02 -9.76210961e-01 1.63943192e-02 -2.16203445e-01 1.29890799e+00
-2.41216358e-01 -2.04133478e-02 9.70256899e-01 3.56268778e+00 1.44493999e-02 9.99592538e-01 2.46228335e-02 9.70225830e-02 -9.70364184e-01 1.99590686e-02 -2.40822664e-01 1.27884358e+00
-2.68545652e-01 -8.77330087e-03 9.63227255e-01 3.65299519e+00 1.98539066e-02 9.99695770e-01 1.46407038e-02 9.67361326e-02 -9.63062753e-01 2.30555340e-02 -2.68289340e-01 1.25609181e+00
-2.94526308e-01 -6.44018564e-04 9.55643429e-01 3.74867815e+00 2.49372864e-02 9.99654174e-01 8.35928487e-03 9.51661682e-02 -9.55318412e-01 2.62931985e-02 -2.94407956e-01 1.22637363e+00
-3.20814156e-01 5.78821405e-03 9.47124831e-01 3.83844046e+00 2.84106882e-02 9.99590369e-01 3.51455375e-03 9.40120161e-02 -9.46716521e-01 2.80360032e-02 -3.20846715e-01 1.19467837e+00
-3.43457308e-01 8.57279367e-03 9.39129501e-01 3.92133679e+00 2.94363447e-02 9.99565555e-01 1.64095877e-03 9.30398902e-02 -9.38707402e-01 2.82081589e-02 -3.43559972e-01 1.16356110e+00
-3.65257466e-01 7.15382012e-03 9.30879304e-01 4.00023442e+00 3.07513604e-02 9.99517688e-01 4.38489635e-03 9.25526283e-02 -9.30398952e-01 3.02274446e-02 -3.65300809e-01 1.13254229e+00
-3.82154956e-01 5.64632862e-03 9.24081223e-01 4.08473098e+00 3.34183836e-02 9.99411938e-01 7.71361669e-03 9.27182496e-02 -9.23494247e-01 3.38291227e-02 -3.82118427e-01 1.09791574e+00
-3.96561737e-01 5.28140816e-03 9.17993102e-01 4.17729915e+00 3.54158568e-02 9.99327288e-01 9.54989156e-03 9.26356754e-02 -9.17325094e-01 3.62986576e-02 -3.96481531e-01 1.05790635e+00
-4.10214124e-01 7.25906341e-03 9.11960582e-01 4.27047750e+00 3.86544574e-02 9.99208382e-01 9.43385480e-03 9.15733670e-02 -9.11170148e-01 3.91212669e-02 -4.10169496e-01 1.01729736e+00
-4.22127188e-01 1.05749788e-02 9.06475181e-01 4.35462132e+00 4.20011705e-02 9.99086620e-01 7.90372804e-03 8.97172513e-02 -9.05563570e-01 4.14094245e-02 -4.22185280e-01 9.78543972e-01
-4.32739505e-01 1.28856927e-02 9.01427101e-01 4.43252232e+00 4.03653844e-02 9.99172283e-01 5.09490666e-03 8.90014533e-02 -9.00615290e-01 3.85912508e-02 -4.32900960e-01 9.41768006e-01
-4.41935402e-01 1.39397236e-02 8.96938714e-01 4.50901967e+00 4.09593878e-02 9.99150209e-01 4.65309676e-03 8.86281543e-02 -8.96111658e-01 3.87944617e-02 -4.42130342e-01 9.04295750e-01
-4.50430667e-01 1.49526634e-02 8.92686368e-01 4.59111405e+00 4.28644070e-02 9.99069145e-01 4.89389864e-03 8.82909484e-02 -8.91782204e-01 4.04688663e-02 -4.50651869e-01 8.62917161e-01
-4.56136357e-01 1.68028487e-02 8.89751418e-01 4.67549466e+00 4.57908144e-02 9.98940641e-01 4.61008090e-03 8.72783327e-02 -8.88731340e-01 4.28453017e-02 -4.56422129e-01 8.18775228e-01
-4.57450025e-01 1.99228660e-02 8.89012265e-01 4.76318144e+00 4.84852614e-02 9.98820779e-01 2.56490104e-03 8.59666419e-02 -8.87912842e-01 4.42773405e-02 -4.57876138e-01 7.72849802e-01
-4.55892444e-01 2.34198682e-02 8.89726828e-01 4.84659011e+00 5.04318706e-02 9.98727581e-01 -4.47936516e-04 8.42902908e-02 -8.88605205e-01 4.46664143e-02 -4.56493058e-01 7.30046115e-01
-4.51776237e-01 2.43358273e-02 8.91799431e-01 4.92678367e+00 5.14184492e-02 9.98676605e-01 -1.20427374e-03 8.21582679e-02 -8.90648545e-01 4.53109176e-02 -4.52429290e-01 6.90063533e-01
-4.46225596e-01 2.38342800e-02 8.94603098e-01 5.01040576e+00 5.12844695e-02 9.98683637e-01 -1.02665086e-03 8.03357204e-02 -8.93450030e-01 4.54211677e-02 -4.46860161e-01 6.50088409e-01
-4.39472281e-01 2.33709314e-02 8.97952077e-01 5.09592637e+00 4.96167587e-02 9.98766942e-01 -1.71156601e-03 7.87326467e-02 -8.96884909e-01 4.38013285e-02 -4.40089620e-01 6.10503448e-01
-4.32392823e-01 2.38094812e-02 9.01370965e-01 5.18280164e+00 4.78423810e-02 9.98849057e-01 -3.43405621e-03 7.72534775e-02 -9.00415382e-01 4.16389122e-02 -4.33033912e-01 5.71523548e-01
-4.26360487e-01 2.46678048e-02 9.04216928e-01 5.27267905e+00 4.61310906e-02 9.98920347e-01 -5.49943000e-03 7.59899931e-02 -9.03376385e-01 3.93678175e-02 -4.27037759e-01 5.32158671e-01
-4.22046067e-01 2.41857347e-02 9.06251721e-01 5.37198719e+00 4.28359628e-02 9.99059709e-01 -6.71361003e-03 7.34469370e-02 -9.05561942e-01 3.59867586e-02 -4.22684856e-01 4.89160962e-01
-4.19445891e-01 2.24075167e-02 9.07503697e-01 5.47747438e+00 3.89395527e-02 9.99219380e-01 -6.67431578e-03 7.01302474e-02 -9.06944863e-01 3.25383223e-02 -4.19990638e-01 4.43414288e-01
-4.18455287e-01 2.09569851e-02 9.07995561e-01 5.58709833e+00 3.78156244e-02 9.99268966e-01 -5.63603338e-03 6.65904033e-02 -9.07449894e-01 3.19780388e-02 -4.18941513e-01 3.95068081e-01
-4.18018885e-01 2.02862510e-02 9.08211829e-01 5.69747320e+00 3.75692123e-02 9.99281493e-01 -5.02857711e-03 6.31609608e-02 -9.07661278e-01 3.20188074e-02 -4.18480312e-01 3.45723000e-01
-4.17588752e-01 1.99062522e-02 9.08418060e-01 5.81089463e+00 3.76643118e-02 9.99280006e-01 -4.58346860e-03 5.99287019e-02 -9.07855270e-01 3.23009809e-02 -4.18037508e-01 2.95192471e-01
-4.16693241e-01 1.99625763e-02 9.08827988e-01 5.92905941e+00 3.82658598e-02 9.99257949e-01 -4.40415495e-03 5.66373316e-02 -9.08241567e-01 3.29419440e-02 -4.17147575e-01 2.42847783e-01
-4.15869409e-01 1.95026314e-02 9.09215213e-01 6.05195457e+00 3.79010475e-02 9.99273163e-01 -4.09864524e-03 5.27729792e-02 -9.08634368e-01 3.27557504e-02 -4.16305950e-01 1.88603279e-01
-4.15907921e-01 1.97895770e-02 9.09191384e-01 6.16948527e+00 3.71350214e-02 9.99298985e-01 -4.76350186e-03 4.93529387e-02 -9.08648370e-01 3.17817069e-02 -4.16350880e-01 1.36682570e-01
-4.15489425e-01 1.90603513e-02 9.09398230e-01 6.28853691e+00 3.56885713e-02 9.99352200e-01 -4.64016833e-03 4.56810707e-02 -9.08897696e-01 3.05272269e-02 -4.15900170e-01 8.58114670e-02
-4.14925736e-01 1.83581139e-02 9.09670029e-01 6.40205431e+00 3.42237072e-02 9.99403814e-01 -4.55863507e-03 4.25171060e-02 -9.09211510e-01 2.92408284e-02 -4.15306310e-01 3.73418565e-02
-4.13462078e-01 1.80647600e-02 9.10342047e-01 6.51794314e+00 3.17710286e-02 9.99480560e-01 -5.40372899e-03 3.90989110e-02 -9.09966938e-01 2.66883107e-02 -4.13820917e-01 -1.28236671e-02
-4.11816062e-01 1.79614591e-02 9.11089881e-01 6.63096614e+00 3.09711249e-02 9.99504014e-01 -5.70539039e-03 3.54321000e-02 -9.10740596e-01 2.58679525e-02 -4.12167752e-01 -6.25108450e-02
-4.09228455e-01 1.66205275e-02 9.12280502e-01 6.73851290e+00 3.02030407e-02 9.99532942e-01 -4.66172552e-03 3.16656122e-02 -9.11932014e-01 2.56459787e-02 -4.09538963e-01 -1.09188386e-01
-4.05871944e-01 1.45807691e-02 9.13813548e-01 6.85368183e+00 2.90511382e-02 9.99573326e-01 -3.04601102e-03 2.83006853e-02 -9.13468225e-01 2.53110772e-02 -4.06121978e-01 -1.58138794e-01
-4.02793302e-01 1.31452595e-02 9.15196436e-01 6.96345903e+00 2.74941864e-02 9.99619354e-01 -2.25718068e-03 2.55021543e-02 -9.14878003e-01 2.42534468e-02 -4.03001058e-01 -2.04029009e-01
-4.00539347e-01 1.20619097e-02 9.16200027e-01 7.06957224e+00 2.66109398e-02 9.99644647e-01 -1.52682476e-03 2.28584430e-02 -9.15893132e-01 2.37694327e-02 -4.00717645e-01 -2.48453014e-01
-3.99169645e-01 1.15127140e-02 9.16804685e-01 7.17685463e+00 2.53302199e-02 9.99677937e-01 -1.52478834e-03 2.06466147e-02 -9.16527215e-01 2.26142569e-02 -3.99332354e-01 -2.93187379e-01
-3.99303109e-01 1.12665460e-02 9.16749630e-01 7.28638709e+00 2.36807962e-02 9.99717592e-01 -1.97167297e-03 1.76478494e-02 -9.16513195e-01 2.09221072e-02 -3.99456785e-01 -3.39021703e-01
-4.01035206e-01 1.28771922e-02 9.15972020e-01 7.39739131e+00 2.30298921e-02 9.99726840e-01 -3.97158425e-03 1.45534470e-02 -9.15773242e-01 1.95020329e-02 -4.01221858e-01 -3.85116835e-01
-4.03472571e-01 1.54005358e-02 9.14862055e-01 7.51327577e+00 2.13935642e-02 9.99743802e-01 -7.39439941e-03 1.13698581e-02 -9.14741747e-01 1.65887649e-02 -4.03698300e-01 -4.33494095e-01
-4.07729520e-01 1.59378983e-02 9.12963504e-01 7.62981390e+00 2.14159774e-02 9.99739514e-01 -7.88837828e-03 7.74292248e-03 -9.12851671e-01 1.63357248e-02 -4.07964267e-01 -4.84013748e-01
-4.13055636e-01 1.40024700e-02 9.10597933e-01 7.75043487e+00 2.23348633e-02 9.99736788e-01 -5.24185494e-03 3.68553999e-03 -9.10431879e-01 1.81729482e-02 -4.13259302e-01 -5.36736296e-01
-4.17814538e-01 1.20525702e-02 9.08452154e-01 7.87349393e+00 2.26359566e-02 9.99739632e-01 -2.85296281e-03 -2.98385749e-04 -9.08250287e-01 1.93717190e-02 -4.17978242e-01 -5.90917509e-01
-4.23109849e-01 1.29191409e-02 9.05986022e-01 8.00379098e+00 2.35043234e-02 9.99718302e-01 -3.27882499e-03 -4.62427408e-03 -9.05773449e-01 1.99073315e-02 -4.23293972e-01 -6.49273307e-01
-4.26946288e-01 1.40445999e-02 9.04167706e-01 8.12195499e+00 2.38268893e-02 9.99706910e-01 -4.27759299e-03 -8.00461309e-03 -9.03963029e-01 1.97172468e-02 -4.27155451e-01 -7.03306692e-01
-4.29416399e-01 1.56951849e-02 9.02970043e-01 8.23803015e+00 2.32073360e-02 9.99710555e-01 -6.34020165e-03 -1.10770117e-02 -9.02808440e-01 1.82329880e-02 -4.29655990e-01 -7.55912674e-01
-4.31190758e-01 1.80680048e-02 9.02079664e-01 8.35510494e+00 2.26763668e-02 9.99700669e-01 -9.18404105e-03 -1.48676698e-02 -9.01975807e-01 1.64958631e-02 -4.31471048e-01 -8.09620974e-01
-4.33872383e-01 2.19235844e-02 9.00707362e-01 8.46408633e+00 2.46504573e-02 9.99618500e-01 -1.24569292e-02 -1.85028073e-02 -9.00637056e-01 1.67981799e-02 -4.34246948e-01 -8.60804576e-01
-4.35896036e-01 2.31620484e-02 8.99698724e-01 8.57716016e+00 2.91778267e-02 9.99506946e-01 -1.15951145e-02 -2.27270589e-02 -8.99523908e-01 2.11970385e-02 -4.36356610e-01 -9.14826575e-01
-4.37088310e-01 1.65344836e-02 8.99266405e-01 8.69536428e+00 2.92732353e-02 9.99562910e-01 -4.15032186e-03 -2.72577073e-02 -8.98942067e-01 2.45104306e-02 -4.37380914e-01 -9.70167735e-01
-4.35953621e-01 1.03084387e-02 8.99909930e-01 8.80797074e+00 2.85244102e-02 9.99590421e-01 2.36815582e-03 -3.04180427e-02 -8.99516961e-01 2.67018546e-02 -4.36068728e-01 -1.02263472e+00
-4.36128058e-01 1.19343204e-02 8.99805258e-01 8.91660262e+00 2.78489871e-02 9.99612216e-01 2.40113837e-04 -3.22814786e-02 -8.99453541e-01 2.51634358e-02 -4.36290915e-01 -1.07345193e+00
-4.37050961e-01 1.82935295e-02 8.99250470e-01 9.02719159e+00 2.77701278e-02 9.99591027e-01 -6.83798864e-03 -3.47358325e-02 -8.99007892e-01 2.19838041e-02 -4.37379864e-01 -1.12473494e+00
-4.37489500e-01 2.34319297e-02 8.98917906e-01 9.13448723e+00 3.02146070e-02 9.99479067e-01 -1.13482294e-02 -3.85000666e-02 -8.98715656e-01 2.21957765e-02 -4.37969230e-01 -1.17511628e+00
-4.38216725e-01 2.69822286e-02 8.98463992e-01 9.23242230e+00 3.38452746e-02 9.99335925e-01 -1.35038468e-02 -4.32916000e-02 -8.98231818e-01 2.44912081e-02 -4.38838570e-01 -1.22262999e+00
-4.37616017e-01 2.81336724e-02 8.98721405e-01 9.32795166e+00 3.47825394e-02 9.99291999e-01 -1.43451929e-02 -4.77534939e-02 -8.98488801e-01 2.49821867e-02 -4.38284395e-01 -1.26913289e+00
-4.36349228e-01 2.64365230e-02 8.99388593e-01 9.42806519e+00 3.43178757e-02 9.99329954e-01 -1.27244297e-02 -5.24782819e-02 -8.99122535e-01 2.53128702e-02 -4.36963767e-01 -1.31796133e+00
-4.34832840e-01 2.30375139e-02 9.00216089e-01 9.53583699e+00 3.39781583e-02 9.99380537e-01 -9.16268869e-03 -5.71460872e-02 -8.99869730e-01 2.66035052e-02 -4.35345930e-01 -1.36896068e+00
-4.33595778e-01 2.08534211e-02 9.00865827e-01 9.65124104e+00 3.21435789e-02 9.99453773e-01 -7.66450400e-03 -6.16727756e-02 -9.00533824e-01 2.56338095e-02 -4.34028959e-01 -1.42278304e+00
-4.31191556e-01 1.81655481e-02 9.02077242e-01 9.76547839e+00 2.92586329e-02 9.99552944e-01 -6.14285711e-03 -6.67514269e-02 -9.01785768e-01 2.37448505e-02 -4.31529978e-01 -1.47641777e+00
-4.30217939e-01 1.69717033e-02 9.02565224e-01 9.87737274e+00 2.97244088e-02 9.99547344e-01 -4.62684296e-03 -7.13388820e-02 -9.02235422e-01 2.48377177e-02 -4.30527380e-01 -1.52967237e+00
-4.28134019e-01 1.83678347e-02 9.03528276e-01 9.98901487e+00 3.11087535e-02 9.99500359e-01 -5.57804436e-03 -7.55631557e-02 -9.03179482e-01 2.57195408e-02 -4.28491232e-01 -1.58136294e+00
-4.24115893e-01 2.11668073e-02 9.05360221e-01 1.01082914e+01 3.16989781e-02 9.99461129e-01 -8.51742428e-03 -7.97865503e-02 -9.05052746e-01 2.50866746e-02 -4.24558041e-01 -1.63566592e+00
-4.18293154e-01 2.23663425e-02 9.08036351e-01 1.02232151e+01 3.27960882e-02 9.99416782e-01 -9.50941618e-03 -8.41322017e-02 -9.07719600e-01 2.58023725e-02 -4.18782439e-01 -1.68741346e+00
-4.11620485e-01 2.38603135e-02 9.11042686e-01 1.03505495e+01 3.52157491e-02 9.99327020e-01 -1.02615493e-02 -8.94032714e-02 -9.10674506e-01 2.78592420e-02 -4.12183453e-01 -1.74402179e+00
-4.02501792e-01 2.56592023e-02 9.15059210e-01 1.04800490e+01 3.47872017e-02 9.99313783e-01 -1.27201168e-02 -9.43686956e-02 -9.14757824e-01 2.67125361e-02 -4.03117872e-01 -1.80005079e+00
-3.91745109e-01 2.61057046e-02 9.19703005e-01 1.06099339e+01 3.22999279e-02 9.99371484e-01 -1.46089879e-02 -9.88429570e-02 -9.19506443e-01 2.39834010e-02 -3.92341760e-01 -1.85362895e+00
-3.80338715e-01 2.38780549e-02 9.24538571e-01 1.07431902e+01 3.08695448e-02 9.99437462e-01 -1.31132534e-02 -1.03709910e-01 -9.24331681e-01 2.35526690e-02 -3.80861508e-01 -1.90632276e+00
-3.69645343e-01 2.26529157e-02 9.28896317e-01 1.08652880e+01 2.95392305e-02 9.99484028e-01 -1.26194446e-02 -1.08233302e-01 -9.28702962e-01 2.27742269e-02 -3.70123409e-01 -1.95218148e+00
-3.57427644e-01 2.09573937e-02 9.33705229e-01 1.10047581e+01 2.81167830e-02 9.99536521e-01 -1.16717072e-02 -1.13115525e-01 -9.33517212e-01 2.20810581e-02 -3.57850888e-01 -2.00249249e+00
-3.43874663e-01 1.82687333e-02 9.38837340e-01 1.11492997e+01 2.58294141e-02 9.99616469e-01 -9.99066941e-03 -1.17683427e-01 -9.38659961e-01 2.08141423e-02 -3.44214270e-01 -2.05193246e+00
-3.30090231e-01 1.79719760e-02 9.43777776e-01 1.12880874e+01 2.28149929e-02 9.99678565e-01 -1.10567993e-02 -1.21484630e-01 -9.43673326e-01 1.78826035e-02 -3.30393786e-01 -2.09742183e+00
-3.17482184e-01 2.29107597e-02 9.47986945e-01 1.14264080e+01 2.14975052e-02 9.99625040e-01 -1.69591638e-02 -1.26409219e-01 -9.48020282e-01 1.49951844e-02 -3.17855285e-01 -2.14252671e+00
-3.05208910e-01 2.82070191e-02 9.51867084e-01 1.15693571e+01 1.98773066e-02 9.99532162e-01 -2.32459575e-02 -1.33003405e-01 -9.52077644e-01 1.18257460e-02 -3.05626424e-01 -2.18829188e+00
-2.93748938e-01 2.81402028e-02 9.55467790e-01 1.17105922e+01 1.64333794e-02 9.99567529e-01 -2.43867083e-02 -1.38958021e-01 -9.55741009e-01 8.53806058e-03 -2.94083961e-01 -2.22982649e+00
-2.83075910e-01 2.30843950e-02 9.58819191e-01 1.18601450e+01 1.27247579e-02 9.99712722e-01 -2.03121311e-02 -1.45348269e-01 -9.59012815e-01 6.45092999e-03 -2.83287946e-01 -2.27032380e+00
-2.72391195e-01 2.05756381e-02 9.61966101e-01 1.20104289e+01 9.53302524e-03 9.99780012e-01 -1.86850333e-02 -1.50383978e-01 -9.62139105e-01 4.08087035e-03 -2.72527019e-01 -2.30829027e+00
-2.62990782e-01 2.23925065e-02 9.64537979e-01 1.21610744e+01 6.03946211e-03 9.99749308e-01 -2.15632127e-02 -1.55518578e-01 -9.64779184e-01 1.54426680e-04 -2.63059679e-01 -2.34455147e+00
-2.54832448e-01 2.54826121e-02 9.66648947e-01 1.23093000e+01 3.27534551e-03 9.99669759e-01 -2.54896075e-02 -1.61656541e-01 -9.66979413e-01 -3.32940622e-03 -2.54831356e-01 -2.38081656e+00
-2.48510267e-01 2.92284025e-02 9.68187742e-01 1.24653439e+01 1.09675302e-03 9.99552500e-01 -2.98937278e-02 -1.68543218e-01 -9.68628405e-01 -6.36696997e-03 -2.48430715e-01 -2.41756048e+00
-2.42680066e-01 3.16883454e-02 9.69588224e-01 1.26189389e+01 -8.21729646e-04 9.99459307e-01 -3.28702422e-02 -1.75883266e-01 -9.70105771e-01 -8.77362582e-03 -2.42522408e-01 -2.45325489e+00
-2.36590708e-01 3.41369197e-02 9.71009048e-01 1.27705691e+01 -2.22966033e-03 9.99360980e-01 -3.56768940e-02 -1.83770011e-01 -9.71606631e-01 -1.06057754e-02 -2.36362973e-01 -2.48879207e+00
-2.29516764e-01 3.42032968e-02 9.72703122e-01 1.29208695e+01 -4.16535985e-03 9.99338819e-01 -3.61227040e-02 -1.91938978e-01 -9.73295605e-01 -1.23423579e-02 -2.29222103e-01 -2.52221351e+00
-2.22507753e-01 3.22723139e-02 9.74396286e-01 1.30737227e+01 -5.50862198e-03 9.99394600e-01 -3.43581491e-02 -2.00210147e-01 -9.74915216e-01 -1.30124687e-02 -2.22194822e-01 -2.55439231e+00
-2.14423474e-01 2.96606079e-02 9.76289960e-01 1.32236054e+01 -6.89488429e-03 9.99468187e-01 -3.18790753e-02 -2.08606796e-01 -9.76716277e-01 -1.35669641e-02 -2.14104478e-01 -2.58401592e+00
-2.05382909e-01 2.83653451e-02 9.78270152e-01 1.33726658e+01 -1.01100608e-02 9.99465342e-01 -3.11024227e-02 -2.16428024e-01 -9.78629301e-01 -1.62782133e-02 -2.04985855e-01 -2.61208304e+00
-1.95925149e-01 2.88409296e-02 9.80194226e-01 1.35240665e+01 -1.40726454e-02 9.99382028e-01 -3.22183601e-02 -2.24443926e-01 -9.80517716e-01 -2.01062487e-02 -1.95397732e-01 -2.63763991e+00
-1.87219811e-01 3.22906619e-02 9.81786725e-01 1.36717195e+01 -1.44752347e-02 9.99260587e-01 -3.56256543e-02 -2.31618144e-01 -9.82211247e-01 -2.08813554e-02 -1.86613485e-01 -2.66205228e+00
-1.79845672e-01 3.76630248e-02 9.82973113e-01 1.38142506e+01 -1.39432502e-02 9.99069026e-01 -4.08307718e-02 -2.39046628e-01 -9.83595845e-01 -2.10490101e-02 -1.79152618e-01 -2.68553585e+00
-1.71733516e-01 4.03095188e-02 9.84317970e-01 1.39583352e+01 -1.47906398e-02 9.98944699e-01 -4.34889782e-02 -2.47700031e-01 -9.85032196e-01 -2.20271402e-02 -1.70955604e-01 -2.70885071e+00
-1.64351377e-01 3.71200074e-02 9.85702746e-01 1.41040145e+01 -1.58011660e-02 9.99064761e-01 -4.02577589e-02 -2.57128467e-01 -9.86275089e-01 -2.21916060e-02 -1.63610639e-01 -2.73041049e+00
-1.57841290e-01 3.28256353e-02 9.86918286e-01 1.42524616e+01 -1.56643576e-02 9.99238603e-01 -3.57406256e-02 -2.66578599e-01 -9.87340021e-01 -2.11007238e-02 -1.57206440e-01 -2.74990967e+00
-1.50138790e-01 3.37184867e-02 9.88089361e-01 1.43915214e+01 -1.67676270e-02 9.99187963e-01 -3.66449965e-02 -2.74614636e-01 -9.88522534e-01 -2.20696840e-02 -1.49451016e-01 -2.76607027e+00
-1.41915037e-01 3.67718216e-02 9.89195227e-01 1.45383730e+01 -1.82456339e-02 9.99043127e-01 -3.97554724e-02 -2.82794641e-01 -9.89710461e-01 -2.36903257e-02 -1.41107850e-01 -2.78327445e+00
-1.34622255e-01 3.89968628e-02 9.90128933e-01 1.46778956e+01 -2.07224085e-02 9.98896249e-01 -4.21596347e-02 -2.91129664e-01 -9.90680082e-01 -2.61934121e-02 -1.33665087e-01 -2.79908918e+00
-1.25874365e-01 4.04622774e-02 9.91220318e-01 1.48194558e+01 -2.24293062e-02 9.98796620e-01 -4.36197926e-02 -2.99409466e-01 -9.91792399e-01 -2.77229252e-02 -1.24814892e-01 -2.81472805e+00
-1.18683324e-01 4.00266088e-02 9.92124731e-01 1.49578845e+01 -2.19815883e-02 9.98836563e-01 -4.29269190e-02 -3.07856175e-01 -9.92688581e-01 -2.69031135e-02 -1.17664948e-01 -2.82841553e+00
-1.10754260e-01 4.08020767e-02 9.93009558e-01 1.51003645e+01 -2.18446470e-02 9.98815829e-01 -4.34770344e-02 -3.16506565e-01 -9.93607512e-01 -2.65071378e-02 -1.09731344e-01 -2.84227568e+00
-1.03519550e-01 4.17099699e-02 9.93752125e-01 1.52427271e+01 -2.14984580e-02 9.98793321e-01 -4.41610267e-02 -3.24828648e-01 -9.94394863e-01 -2.59355943e-02 -1.02497478e-01 -2.85564464e+00
-9.50219254e-02 4.27516073e-02 9.94556373e-01 1.53827421e+01 -2.34185448e-02 9.98705139e-01 -4.51673610e-02 -3.33340186e-01 -9.95199491e-01 -2.75828793e-02 -9.38972458e-02 -2.86701486e+00
-8.87684441e-02 4.25301848e-02 9.95143567e-01 1.55143122e+01 -2.73435021e-02 9.98607693e-01 -4.51172824e-02 -3.41604008e-01 -9.95676753e-01 -3.12156265e-02 -8.74814662e-02 -2.87591107e+00
-8.35533463e-02 4.10892334e-02 9.95655486e-01 1.56542159e+01 -2.79068172e-02 9.98661513e-01 -4.35551277e-02 -3.51415437e-01 -9.96112313e-01 -3.14246803e-02 -8.22943765e-02 -2.88506888e+00
-7.84876591e-02 4.03936935e-02 9.96096061e-01 1.57728762e+01 -2.77215970e-02 9.98704285e-01 -4.26837512e-02 -3.59250687e-01 -9.96529398e-01 -3.09634501e-02 -7.72657218e-02 -2.89304307e+00
-7.42098501e-02 4.21771297e-02 9.96349949e-01 1.58952113e+01 -2.81527573e-02 9.98618706e-01 -4.43699918e-02 -3.67242656e-01 -9.96844981e-01 -3.13426181e-02 -7.29194808e-02 -2.90044666e+00
-6.93789703e-02 4.19903219e-02 9.96705893e-01 1.60203460e+01 -2.66499401e-02 9.98679457e-01 -4.39284803e-02 -3.74798238e-01 -9.97234130e-01 -2.96097939e-02 -6.81678547e-02 -2.90818288e+00
-6.37898853e-02 3.96892300e-02 9.97173489e-01 1.61475930e+01 -2.37868942e-02 9.98864859e-01 -4.12781704e-02 -3.82580541e-01 -9.97679624e-01 -2.63527207e-02 -6.27729316e-02 -2.91528515e+00
-5.82227807e-02 3.73539812e-02 9.97604193e-01 1.62719978e+01 -2.10602249e-02 9.99031708e-01 -3.86365199e-02 -3.90044793e-01 -9.98081247e-01 -2.32592265e-02 -5.73792638e-02 -2.92057552e+00
-5.26590428e-02 3.78060327e-02 9.97896325e-01 1.63973884e+01 -2.08853968e-02 9.99023167e-01 -3.89508058e-02 -3.97572525e-01 -9.98393965e-01 -2.28925037e-02 -5.18175523e-02 -2.92525861e+00
-4.80247653e-02 4.01792585e-02 9.98037411e-01 1.65242751e+01 -2.17269255e-02 9.98912507e-01 -4.12599333e-02 -4.05172749e-01 -9.98609679e-01 -2.36657111e-02 -4.70991126e-02 -2.92873860e+00
-4.47653131e-02 4.20982587e-02 9.98109856e-01 1.66571595e+01 -2.22294367e-02 9.98822683e-01 -4.31252791e-02 -4.14036625e-01 -9.98750093e-01 -2.41178622e-02 -4.37763336e-02 -2.93281946e+00
-4.26966944e-02 4.47874114e-02 9.98083507e-01 1.67878117e+01 -2.26932702e-02 9.98693882e-01 -4.57855538e-02 -4.22734237e-01 -9.98830267e-01 -2.46045935e-02 -4.16240988e-02 -2.93634973e+00
-4.08036765e-02 4.40940376e-02 9.98193517e-01 1.69124426e+01 -2.34238950e-02 9.98709343e-01 -4.50742972e-02 -4.31289321e-01 -9.98892537e-01 -2.52207005e-02 -3.97177019e-02 -2.93972427e+00
-4.00946393e-02 3.92286026e-02 9.98425307e-01 1.70434771e+01 -2.37804562e-02 9.98908933e-01 -4.02025376e-02 -4.40259349e-01 -9.98912897e-01 -2.53548398e-02 -3.91175583e-02 -2.94317165e+00
-3.85190800e-02 3.51213903e-02 9.98640228e-01 1.71800351e+01 -2.35228169e-02 9.99073757e-01 -3.60439063e-02 -4.49658366e-01 -9.98980967e-01 -2.48791370e-02 -3.76567867e-02 -2.94662575e+00
-3.76113449e-02 3.62462425e-02 9.98634586e-01 1.73099168e+01 -2.32417061e-02 9.99040292e-01 -3.71362722e-02 -4.58330422e-01 -9.99022109e-01 -2.46066446e-02 -3.67323638e-02 -2.94943282e+00
-3.61633100e-02 3.97199556e-02 9.98555977e-01 1.74335570e+01 -2.32091631e-02 9.98907376e-01 -4.05744221e-02 -4.66238811e-01 -9.99076324e-01 -2.46428812e-02 -3.52014695e-02 -2.95156250e+00
-3.51955683e-02 3.99611100e-02 9.98580991e-01 1.75642672e+01 -2.48741710e-02 9.98856138e-01 -4.08487835e-02 -4.75276167e-01 -9.99070829e-01 -2.62764957e-02 -3.41608504e-02 -2.95354408e+00
-3.43609442e-02 3.87215453e-02 9.98658901e-01 1.77004154e+01 -2.53229964e-02 9.98895097e-01 -3.96019508e-02 -4.84449130e-01 -9.99088601e-01 -2.66497225e-02 -3.33419734e-02 -2.95566584e+00
-3.37847355e-02 3.74268638e-02 9.98727872e-01 1.78443302e+01 -2.37396372e-02 9.98987025e-01 -3.82395903e-02 -4.93891295e-01 -9.99147107e-01 -2.50012798e-02 -3.28615528e-02 -2.95819415e+00
-3.15588288e-02 3.81514606e-02 9.98773303e-01 1.79898082e+01 -2.35265608e-02 9.98966474e-01 -3.89021810e-02 -5.03353788e-01 -9.99224941e-01 -2.47253345e-02 -3.06281816e-02 -2.96012329e+00
-2.85292846e-02 3.90278048e-02 9.98830606e-01 1.81513693e+01 -2.36839749e-02 9.98931024e-01 -3.97081694e-02 -5.13806532e-01 -9.99312349e-01 -2.47890484e-02 -2.75739974e-02 -2.96182143e+00
-2.59958923e-02 4.13046318e-02 9.98808183e-01 1.83113538e+01 -2.36058477e-02 9.98842488e-01 -4.19203987e-02 -5.23538089e-01 -9.99383349e-01 -2.46673942e-02 -2.49903143e-02 -2.96304369e+00
-2.48068496e-02 4.44036065e-02 9.98705454e-01 1.84635912e+01 -2.35120004e-02 9.98711220e-01 -4.49878409e-02 -5.33700285e-01 -9.99415772e-01 -2.45974901e-02 -2.37304059e-02 -2.96360347e+00
-2.36186685e-02 4.68456595e-02 9.98622698e-01 1.86227885e+01 -2.34583308e-02 9.98600928e-01 -4.73994210e-02 -5.44034905e-01 -9.99445830e-01 -2.45454518e-02 -2.24862479e-02 -2.96407560e+00
-2.23645947e-02 4.97471255e-02 9.98511243e-01 1.87892362e+01 -2.47233250e-02 9.98428669e-01 -5.02967275e-02 -5.55377105e-01 -9.99444194e-01 -2.58113010e-02 -2.10990831e-02 -2.96442379e+00
-2.00794367e-02 5.19731625e-02 9.98446409e-01 1.89362186e+01 -2.60745157e-02 9.98281451e-01 -5.24889143e-02 -5.65562522e-01 -9.99458377e-01 -2.70878709e-02 -1.86892996e-02 -2.96531852e+00
-1.91082904e-02 5.06914960e-02 9.98531373e-01 1.90711580e+01 -2.81308568e-02 9.98291636e-01 -5.12176147e-02 -5.74681477e-01 -9.99421665e-01 -2.90681396e-02 -1.76491972e-02 -2.96357547e+00
-1.71387200e-02 4.54697798e-02 9.98818548e-01 1.92088828e+01 -3.03729926e-02 9.98481092e-01 -4.59755577e-02 -5.84580914e-01 -9.99391712e-01 -3.11249881e-02 -1.57311818e-02 -2.96262181e+00
-1.32757808e-02 4.30214873e-02 9.98985809e-01 1.93511659e+01 -3.14937752e-02 9.98560685e-01 -4.34216798e-02 -5.93922107e-01 -9.99415816e-01 -3.20382086e-02 -1.19013114e-02 -2.95982951e+00
-9.01431743e-03 4.61927950e-02 9.98891745e-01 1.94958467e+01 -3.46052209e-02 9.98320038e-01 -4.64786205e-02 -6.02689246e-01 -9.99360496e-01 -3.49857548e-02 -7.40021025e-03 -2.95608763e+00
-2.78529888e-03 5.14604753e-02 9.98671038e-01 1.96479323e+01 -3.76801644e-02 9.97960773e-01 -5.15289398e-02 -6.12398446e-01 -9.99286072e-01 -3.77735218e-02 -8.40129172e-04 -2.95255480e+00
4.84672535e-03 5.52397067e-02 9.98461251e-01 1.97929778e+01 -4.06941328e-02 9.97657189e-01 -5.49976645e-02 -6.22273500e-01 -9.99159964e-01 -4.03648625e-02 7.08375306e-03 -2.94769550e+00
1.47632148e-02 5.37016238e-02 9.98447749e-01 1.99357067e+01 -4.39479328e-02 9.97626803e-01 -5.30076319e-02 -6.32003130e-01 -9.98924805e-01 -4.30970560e-02 1.70887042e-02 -2.94183579e+00
2.58313829e-02 5.11012127e-02 9.98359217e-01 2.00668181e+01 -4.43313894e-02 9.97768828e-01 -4.99239625e-02 -6.41685817e-01 -9.98682876e-01 -4.29689509e-02 2.80395887e-02 -2.93518586e+00
3.91516491e-02 5.35310254e-02 9.97798192e-01 2.01965792e+01 -4.67790068e-02 9.97567438e-01 -5.16831227e-02 -6.49211382e-01 -9.98137648e-01 -4.46524343e-02 4.15609927e-02 -2.92662107e+00
5.23999988e-02 5.61603186e-02 9.97045567e-01 2.03383730e+01 -4.98117223e-02 9.97321612e-01 -5.35579985e-02 -6.58551389e-01 -9.97383011e-01 -4.68580208e-02 5.50575501e-02 -2.91676115e+00
6.40329412e-02 5.56417757e-02 9.96395173e-01 2.04774484e+01 -5.24206804e-02 9.97253485e-01 -5.23209177e-02 -6.68557390e-01 -9.96569924e-01 -4.88813532e-02 6.67743172e-02 -2.90485795e+00
7.59666127e-02 5.42726297e-02 9.95632032e-01 2.06209906e+01 -5.51954341e-02 9.97215430e-01 -5.01475427e-02 -6.79253859e-01 -9.95581353e-01 -5.11447075e-02 7.87511479e-02 -2.89197120e+00
8.88958955e-02 5.45282582e-02 9.94547042e-01 2.07559562e+01 -5.81278063e-02 9.97082534e-01 -4.94716291e-02 -6.88342077e-01 -9.94343190e-01 -5.34129141e-02 9.18066275e-02 -2.87724282e+00
1.03326189e-01 5.91957423e-02 9.92884246e-01 2.08842613e+01 -6.11740148e-02 9.96715784e-01 -5.30580150e-02 -6.97769478e-01 -9.92764337e-01 -5.52563339e-02 1.06608569e-01 -2.86018862e+00
1.18545251e-01 6.61184229e-02 9.90744666e-01 2.10153114e+01 -6.36239660e-02 9.96235753e-01 -5.88721269e-02 -7.07405799e-01 -9.90907933e-01 -5.60559877e-02 1.22306238e-01 -2.84439957e+00
1.31993067e-01 6.99095473e-02 9.88782117e-01 2.11369505e+01 -6.41797826e-02 9.96019375e-01 -6.18538781e-02 -7.16735936e-01 -9.89170509e-01 -5.52954286e-02 1.35954941e-01 -2.82749829e+00
1.45109332e-01 6.92988495e-02 9.86985574e-01 2.12678490e+01 -6.91422610e-02 9.95815469e-01 -5.97533635e-02 -7.26491895e-01 -9.86996507e-01 -5.95715366e-02 1.49294108e-01 -2.80571173e+00
1.57942974e-01 6.60763229e-02 9.85234735e-01 2.14008404e+01 -7.38415658e-02 9.95754997e-01 -5.49443738e-02 -7.35726071e-01 -9.84683146e-01 -6.40730916e-02 1.62152202e-01 -2.78210627e+00
1.67554021e-01 6.72006632e-02 9.83569673e-01 2.15252128e+01 -7.65040375e-02 9.95551642e-01 -5.49866561e-02 -7.43906869e-01 -9.82889748e-01 -6.60337080e-02 1.71950325e-01 -2.75918104e+00
1.74920142e-01 7.28812435e-02 9.81881272e-01 2.16454546e+01 -7.72356914e-02 9.95198830e-01 -6.01104211e-02 -7.52660530e-01 -9.81548331e-01 -6.53216383e-02 1.79709884e-01 -2.73554624e+00
1.77370343e-01 7.85512244e-02 9.81004103e-01 2.17577114e+01 -7.95088388e-02 9.94694594e-01 -6.52719086e-02 -7.61556343e-01 -9.80926960e-01 -6.64210771e-02 1.82675356e-01 -2.71297706e+00
1.77951707e-01 7.84832424e-02 9.80904279e-01 2.18811349e+01 -8.31108104e-02 9.94451166e-01 -6.44895608e-02 -7.72220482e-01 -9.80523047e-01 -7.00476011e-02 1.83487603e-01 -2.68826609e+00
1.77239675e-01 7.51375653e-02 9.81295134e-01 2.20064183e+01 -8.46467965e-02 9.94550149e-01 -6.08638001e-02 -7.83323297e-01 -9.80520629e-01 -7.22758894e-02 1.82634414e-01 -2.66399737e+00
1.75351831e-01 7.19848483e-02 9.81870468e-01 2.21436748e+01 -8.46446879e-02 9.94732447e-01 -5.78111977e-02 -7.95217636e-01 -9.80860205e-01 -7.29727007e-02 1.80521801e-01 -2.63701044e+00
1.72786057e-01 7.11706586e-02 9.82384586e-01 2.22800121e+01 -8.44929276e-02 9.94780242e-01 -5.72077513e-02 -8.06842580e-01 -9.81328543e-01 -7.31197254e-02 1.77898082e-01 -2.61123341e+00
1.69327428e-01 7.12305493e-02 9.82982278e-01 2.24111952e+01 -8.41066380e-02 9.94790447e-01 -5.75981451e-02 -8.18030474e-01 -9.81964409e-01 -7.29222668e-02 1.74436773e-01 -2.58642942e+00
1.66582684e-01 7.01455523e-02 9.83529130e-01 2.25389695e+01 -8.46917467e-02 9.94797806e-01 -5.66048438e-02 -8.28855693e-01 -9.82383516e-01 -7.38672885e-02 1.71657340e-01 -2.56242042e+00
1.63303612e-01 6.97861833e-02 9.84104467e-01 2.26696730e+01 -8.42000853e-02 9.94841216e-01 -5.65753418e-02 -8.39769875e-01 -9.82976185e-01 -7.36225941e-02 1.68337668e-01 -2.53824478e+00
1.59253789e-01 6.88757490e-02 9.84832076e-01 2.28006396e+01 -8.42144231e-02 9.94874862e-01 -5.59601334e-02 -8.50290281e-01 -9.83639219e-01 -7.40250747e-02 1.64238416e-01 -2.51407148e+00
1.54516651e-01 6.58534608e-02 9.85792952e-01 2.29239421e+01 -8.19129757e-02 9.95194666e-01 -5.36422359e-02 -8.59601918e-01 -9.84588667e-01 -7.24604917e-02 1.59168883e-01 -2.49213786e+00
